17,1,1,1,1,1,1,1,1,1,1
17,1,6,1,1,1,1,1,1,1,1
17,1,11,1,1,1,1,1,1,1,1
17,1,16,1,1,1,1,1,1,1,1
17,1,21,1,1,1,1,1,1,1,1
17,1,26,1,1,1,1,1,1,1,1
17,1,31,1,1,1,1,1,1,1,1
17,1,36,1,1,1,1,1,1,1,1
17,1,41,1,1,1,1,1,1,1,1
17,1,46,1,1,1,1,1,1,1,1
17,1,51,1,1,1,1,1,1,1,1
17,1,56,1,1,1,1,1,1,1,1
17,1,61,1,1,1,1,1,1,1,1
17,1,66,1,1,1,1,1,1,1,1
17,1,71,1,1,1,1,1,1,1,1
17,1,76,1,1,1,1,1,1,1,1
17,1,81,1,1,1,1,1,1,1,1
17,1,86,1,1,1,1,1,1,1,1
17,1,91,1,1,1,1,1,1,1,1
17,1,96,1,1,1,1,1,1,1,1
17,1,101,1,1,1,1,1,1,1,1
17,1,106,1,1,1,1,1,1,1,1
17,1,111,1,1,1,1,1,1,1,1
17,1,116,1,1,1,1,1,1,1,1
17,1,121,1,1,1,1,1,1,1,1
17,1,126,1,1,1,1,1,1,1,1
17,1,131,1,1,1,1,1,1,1,1
17,1,136,1,1,1,1,1,1,1,1
17,1,141,1,1,1,1,1,1,1,1
17,1,146,1,1,1,1,1,1,1,1
17,1,151,1,1,1,1,1,1,1,1
17,1,156,1,1,1,1,1,1,1,1
17,1,161,1,1,1,1,1,1,1,1
17,1,166,1,1,1,1,1,1,1,1
17,1,171,1,1,1,1,1,1,1,1
17,1,176,1,1,1,1,1,1,1,1
17,1,181,1,1,1,1,1,1,1,1
17,1,186,1,1,1,1,1,1,1,1
17,1,191,1,1,1,1,1,1,1,1
17,1,196,1,1,1,1,1,1,1,1
17,1,201,1,1,1,1,1,1,1,1
17,1,206,1,1,1,1,1,1,1,1
17,2,1,0,0,0,0,0,0,0,0
17,2,6,0,0,0,0,0,0,0,0
17,2,11,0,0,0,0,0,0,0,0
17,2,16,0,0,0,0,0,0,0,0
17,2,21,0,0,0,0,0,0,0,0
17,2,26,0,0,0,0,0,0,0,0
17,2,31,0,0,0,0,0,0,0,0
17,2,36,0,0,0,0,0,0,0,0
17,2,41,0,0,0,0,0,0,0,0
17,2,46,0,0,0,0,0,0,0,0
17,2,51,0,0,0,0,0,0,0,0
17,2,56,0,0,0,0,0,0,0,0
17,2,61,0,0,0,0,0,0,0,0
17,2,66,0,0,0,0,0,0,0,0
17,2,71,0,0,0,0,0,0,0,0
17,2,76,0,0,0,0,0,0,0,0
17,2,81,0,0,0,0,0,0,0,0
17,2,86,0,0,0,0,0,0,0,0
17,2,91,0,0,0,0,0,0,0,0
17,2,96,0,0,0,0,0,0,0,0
17,2,101,0,0,0,0,0,0,0,0
17,2,106,0,0,0,0,0,0,0,0
17,2,111,0,0,0,0,0,0,0,0
17,2,116,0,0,0,0,0,0,0,0
17,2,121,0,0,0,0,0,0,0,0
17,2,126,0,0,0,0,0,0,0,0
17,2,131,0,0,0,0,0,0,0,0
17,2,136,0,0,0,0,0,0,0,0
17,2,141,0,0,0,0,0,0,0,0
17,2,146,0,0,0,0,0,0,0,0
17,2,151,0,0,0,0,0,0,0,0
17,2,156,0,0,0,0,0,0,0,0
17,2,161,0,0,0,0,0,0,0,0
17,2,166,0,0,0,0,0,0,0,0
17,2,171,0,0,0,0,0,0,0,0
17,2,176,0,0,0,0,0,0,0,0
17,2,181,0,0,0,0,0,0,0,0
17,2,186,0,0,0,0,0,0,0,0
17,2,191,0,0,0,0,0,0,0,0
17,2,196,0,0,0,0,0,0,0,0
17,2,201,0,0,0,0,0,0,0,0
17,2,206,0,0,0,0,0,0,0,0
17,3,1,0,0,0,0,0,0,0,0
17,3,6,0,0,0,0,0,0,0,0
17,3,11,0,0,0,0,0,0,0,0
17,3,16,0,0,0,0,0,0,0,0
17,3,21,0,0,0,0,0,0,0,0
17,3,26,0,0,0,0,0,0,0,0
17,3,31,0,0,0,0,0,0,0,0
17,3,36,0,0,0,0,0,0,0,0
17,3,41,0,0,0,0,0,0,0,0
17,3,46,0,0,0,0,0,0,0,0
17,3,51,0,0,0,0,0,0,0,0
17,3,56,0,0,0,0,0,0,0,0
17,3,61,0,0,0,0,0,0,0,0
17,3,66,0,0,0,0,0,0,0,0
17,3,71,0,0,0,0,0,0,0,0
17,3,76,0,0,0,0,0,0,0,0
17,3,81,0,0,0,0,0,0,0,0
17,3,86,0,0,0,0,0,0,0,0
17,3,91,0,0,0,0,0,0,0,0
17,3,96,0,0,0,0,0,0,0,0
17,3,101,0,0,0,0,0,0,0,0
17,3,106,0,0,0,0,0,0,0,0
17,3,111,0,0,0,0,0,0,0,0
17,3,116,0,0,0,0,0,0,0,0
17,3,121,0,0,0,0,0,0,0,0
17,3,126,0,0,0,0,0,0,0,0
17,3,131,0,0,0,0,0,0,0,0
17,3,136,0,0,0,0,0,0,0,0
17,3,141,0,0,0,0,0,0,0,0
17,3,146,0,0,0,0,0,0,0,0
17,3,151,0,0,0,0,0,0,0,0
17,3,156,0,0,0,0,0,0,0,0
17,3,161,0,0,0,0,0,0,0,0
17,3,166,0,0,0,0,0,0,0,0
17,3,171,0,0,0,0,0,0,0,0
17,3,176,0,0,0,0,0,0,0,0
17,3,181,0,0,0,0,0,0,0,0
17,3,186,0,0,0,0,0,0,0,0
17,3,191,0,0,0,0,0,0,0,0
17,3,196,0,0,0,0,0,0,0,0
17,3,201,0,0,0,0,0,0,0,0
17,3,206,0,0,0,0,0,0,0,0
17,4,1,-0.48138,-0.34953,0,0,0,0,0,0
17,4,6,0,0,0,0,0,0,0,0
17,4,11,0,0,0,0,0,0,0,0
17,4,16,0,0,0,0,0,0,0,0
17,4,21,0,0,0,0,0,0,0,0
17,4,26,0,0,0,0,0,0,0,0
17,4,31,0,0,0,0,0,0,0,0
17,4,36,0,0,0,0,0,0,0,0
17,4,41,0,0,0,0,0,0,0,0
17,4,46,0,0,0,0,0,0,0,0
17,4,51,0,0,0,0,0,0,0,0
17,4,56,0,0,0,0,0,0,0,0
17,4,61,0,0,0,0,0,0,0,0
17,4,66,0,0,0,0,0,0,0,0
17,4,71,0,0,0,0,0,0,0,0
17,4,76,0,0,0,0,0,0,0,0
17,4,81,0,0,0,0,0,0,0,0
17,4,86,0,0,0,0,0,0,0,0
17,4,91,0,0,0,0,0,0,0,0
17,4,96,0,0,0,0,0,0,0,0
17,4,101,0,0,0,0,0,0,0,0
17,4,106,0,0,0,0,0,0,0,0
17,4,111,0,0,0,0,0,0,0,0
17,4,116,0,0,0,0,0,0,0,0
17,4,121,0,0,0,0,0,0,0,0
17,4,126,0,0,0,0,0,0,0,0
17,4,131,0,0,0,0,0,0,0,0
17,4,136,0,0,0,0,0,0,0,0
17,4,141,0,0,0,0,0,0,0,0
17,4,146,0,0,0,0,0,0,0,0
17,4,151,0,0,0,0,0,0,0,0
17,4,156,0,0,0,0,0,0,0,0
17,4,161,0,0,0,0,0,0,0,0
17,4,166,0,0,0,0,0,0,0,0
17,4,171,0,0,0,0,0,0,0,0
17,4,176,0,0,0,0,0,0,0,0
17,4,181,0,0,0,0,0,0,0,0
17,4,186,0,0,0,0,0,0,0,0
17,4,191,0,0,0,0,0,0,0,0
17,4,196,0,0,0,0,0,0,0,0
17,4,201,0,0,0,0,0,0,0,0
17,4,206,0,0,0,0,0,0,0,0
17,5,1,0.65818,0.58301,0,0,0,0,0,0
17,5,6,0,0,0,0,0,0,0,0
17,5,11,0,0,0,0,0,0,0,0
17,5,16,0,0,0,0,0,0,0,0
17,5,21,0,0,0,0,0,0,0,0
17,5,26,0,0,0,0,0,0,0,0
17,5,31,0,0,0,0,0,0,0,0
17,5,36,0,0,0,0,0,0,0,0
17,5,41,0,0,0,0,0,0,0,0
17,5,46,0,0,0,0,0,0,0,0
17,5,51,0,0,0,0,0,0,0,0
17,5,56,0,0,0,0,0,0,0,0
17,5,61,0,0,0,0,0,0,0,0
17,5,66,0,0,0,0,0,0,0,0
17,5,71,0,0,0,0,0,0,0,0
17,5,76,0,0,0,0,0,0,0,0
17,5,81,0,0,0,0,0,0,0,0
17,5,86,0,0,0,0,0,0,0,0
17,5,91,0,0,0,0,0,0,0,0
17,5,96,0,0,0,0,0,0,0,0
17,5,101,0,0,0,0,0,0,0,0
17,5,106,0,0,0,0,0,0,0,0
17,5,111,0,0,0,0,0,0,0,0
17,5,116,0,0,0,0,0,0,0,0
17,5,121,0,0,0,0,0,0,0,0
17,5,126,0,0,0,0,0,0,0,0
17,5,131,0,0,0,0,0,0,0,0
17,5,136,0,0,0,0,0,0,0,0
17,5,141,0,0,0,0,0,0,0,0
17,5,146,0,0,0,0,0,0,0,0
17,5,151,0,0,0,0,0,0,0,0
17,5,156,0,0,0,0,0,0,0,0
17,5,161,0,0,0,0,0,0,0,0
17,5,166,0,0,0,0,0,0,0,0
17,5,171,0,0,0,0,0,0,0,0
17,5,176,0,0,0,0,0,0,0,0
17,5,181,0,0,0,0,0,0,0,0
17,5,186,0,0,0,0,0,0,0,0
17,5,191,0,0,0,0,0,0,0,0
17,5,196,0,0,0,0,0,0,0,0
17,5,201,0,0,0,0,0,0,0,0
17,5,206,0,0,0,0,0,0,0,0
17,6,1,0,0,0,0,0,0,0,0
17,6,6,0,0,0,0,0,0,0,0
17,6,11,0,0,0,0,0,0,0,0
17,6,16,0,0,0,0,0,0,0,0
17,6,21,0,0,0,0,0,0,0,0
17,6,26,0,0,0,0,0,0,0,0
17,6,31,0,0,0,0,0,0,0,0
17,6,36,0,0,0,0,0,0,0,0
17,6,41,0,0,0,0,0,0,0,0
17,6,46,0,0,0,0,0,0,0,0
17,6,51,0,0,0,0,0,0,0,0
17,6,56,0,0,0,0,0,0,0,0
17,6,61,0,0,0,0,0,0,0,0
17,6,66,0,0,0,0,0,0,0,0
17,6,71,0,0,0,0,0,0,0,0
17,6,76,0,0,0,0,0,0,0,0
17,6,81,0,0,0,0,0,0,0,0
17,6,86,0,0,0,0,0,0,0,0
17,6,91,0,0,0,0,0,0,0,0
17,6,96,0,0,0,0,0,0,0,0
17,6,101,0,0,0,0,0,0,0,0
17,6,106,0,0,0,0,0,0,0,0
17,6,111,0,0,0,0,0,0,0,0
17,6,116,0,0,0,0,0,0,0,0
17,6,121,0,0,0,0,0,0,0,0
17,6,126,0,0,0,0,0,0,0,0
17,6,131,0,0,0,0,0,0,0,0
17,6,136,0,0,0,0,0,0,0,0
17,6,141,0,0,0,0,0,0,0,0
17,6,146,0,0,0,0,0,0,0,0
17,6,151,0,0,0,0,0,0,0,0
17,6,156,0,0,0,0,0,0,0,0
17,6,161,0,0,0,0,0,0,0,0
17,6,166,0,0,0,0,0,0,0,0
17,6,171,0,0,0,0,0,0,0,0
17,6,176,0,0,0,0,0,0,0,0
17,6,181,0,0,0,0,0,0,0,0
17,6,186,0,0,0,0,0,0,0,0
17,6,191,0,0,0,0,0,0,0,0
17,6,196,0,0,0,0,0,0,0,0
17,6,201,0,0,0,0,0,0,0,0
17,6,206,0,0,0,0,0,0,0,0
17,7,1,0,0,0,0,0,0,0,0
17,7,6,0,0,0,0,0,0,0,0
17,7,11,0,0,0,0,0,0,0,0
17,7,16,0,0,0,0,0,0,0,0
17,7,21,0,0,0,0,0,0,0,0
17,7,26,0,0,0,0,0,0,0,0
17,7,31,0,0,0,0,0,0,0,0
17,7,36,0,0,0,0,0,0,0,0
17,7,41,0,0,0,0,0,0,0,0
17,7,46,0,0,0,0,0,0,0,0
17,7,51,0,0,0,0,0,0,0,0
17,7,56,0,0,0,0,0,0,0,0
17,7,61,0,0,0,0,0,0,0,0
17,7,66,0,0,0,0,0,0,0,0
17,7,71,0,0,0,0,0,0,0,0
17,7,76,0,0,0,0,0,0,0,0
17,7,81,0,0,0,0,0,0,0,0
17,7,86,0,0,0,0,0,0,0,0
17,7,91,0,0,0,0,0,0,0,0
17,7,96,0,0,0,0,0,0,0,0
17,7,101,0,0,0,0,0,0,0,0
17,7,106,0,0,0,0,0,0,0,0
17,7,111,0,0,0,0,0,0,0,0
17,7,116,0,0,0,0,0,0,0,0
17,7,121,0,0,0,0,0,0,0,0
17,7,126,0,0,0,0,0,0,0,0
17,7,131,0,0,0,0,0,0,0,0
17,7,136,0,0,0,0,0,0,0,0
17,7,141,0,0,0,0,0,0,0,0
17,7,146,0,0,0,0,0,0,0,0
17,7,151,0,0,0,0,0,0,0,0
17,7,156,0,0,0,0,0,0,0,0
17,7,161,0,0,0,0,0,0,0,0
17,7,166,0,0,0,0,0,0,0,0
17,7,171,0,0,0,0,0,0,0,0
17,7,176,0,0,0,0,0,0,0,0
17,7,181,0,0,0,0,0,0,0,0
17,7,186,0,0,0,0,0,0,0,0
17,7,191,0,0,0,0,0,0,0,0
17,7,196,0,0,0,0,0,0,0,0
17,7,201,0,0,0,0,0,0,0,0
17,7,206,0,0,0,0,0,0,0,0
17,8,1,0,0,0,0,0,0,0,0
17,8,6,0,0,0,0,0,0,0,0
17,8,11,0,0,0,0,0,0,0,0
17,8,16,0,0,0,0,0,0,0,0
17,8,21,0,0,0,0,0,0,0,0
17,8,26,0,0,0,0,0,0,0,0
17,8,31,0,0,0,0,0,0,0,0
17,8,36,0,0,0,0,0,0,0,0
17,8,41,0,0,0,0,0,0,0,0
17,8,46,0,0,0,0,0,0,0,0
17,8,51,0,0,0,0,0,0,0,0
17,8,56,0,0,0,0,0,0,0,0
17,8,61,0,0,0,0,0,0,0,0
17,8,66,0,0,0,0,0,0,0,0
17,8,71,0,0,0,0,0,0,0,0
17,8,76,0,0,0,0,0,0,0,0
17,8,81,0,0,0,0,0,0,0,0
17,8,86,0,0,0,0,0,0,0,0
17,8,91,0,0,0,0,0,0,0,0
17,8,96,0,0,0,0,0,0,0,0
17,8,101,0,0,0,0,0,0,0,0
17,8,106,0,0,0,0,0,0,0,0
17,8,111,0,0,0,0,0,0,0,0
17,8,116,0,0,0,0,0,0,0,0
17,8,121,0,0,0,0,0,0,0,0
17,8,126,0,0,0,0,0,0,0,0
17,8,131,0,0,0,0,0,0,0,0
17,8,136,0,0,0,0,0,0,0,0
17,8,141,0,0,0,0,0,0,0,0
17,8,146,0,0,0,0,0,0,0,0
17,8,151,0,0,0,0,0,0,0,0
17,8,156,0,0,0,0,0,0,0,0
17,8,161,0,0,0,0,0,0,0,0
17,8,166,0,0,0,0,0,0,0,0
17,8,171,0,0,0,0,0,0,0,0
17,8,176,0,0,0,0,0,0,0,0
17,8,181,0,0,0,0,0,0,0,0
17,8,186,0,0,0,0,0,0,0,0
17,8,191,0,0,0,0,0,0,0,0
17,8,196,0,0,0,0,0,0,0,0
17,8,201,0,0,0,0,0,0,0,0
17,8,206,0,0,0,0,0,0,0,0
17,9,1,0,0,0,0,0,0,0,0
17,9,6,0,0,0,0,0,0,0,0
17,9,11,0,0,0,0,0,0,0,0
17,9,16,0,0,0,0,0,0,0,0
17,9,21,0,0,0,0,0,0,0,0
17,9,26,0,0,0,0,0,0,0,0
17,9,31,0,0,0,0,0,0,0,0
17,9,36,0,0,0,0,0,0,0,0
17,9,41,0,0,0,0,0,0,0,0
17,9,46,0,0,0,0,0,0,0,0
17,9,51,0,0,0,0,0,0,0,0
17,9,56,0,0,0,0,0,0,0,0
17,9,61,0,0,0,0,0,0,0,0
17,9,66,0,0,0,0,0,0,0,0
17,9,71,0,0,0,0,0,0,0,0
17,9,76,0,0,0,0,0,0,0,0
17,9,81,0,0,0,0,0,0,0,0
17,9,86,0,0,0,0,0,0,0,0
17,9,91,0,0,0,0,0,0,0,0
17,9,96,0,0,0,0,0,0,0,0
17,9,101,0,0,0,0,0,0,0,0
17,9,106,0,0,0,0,0,0,0,0
17,9,111,0,0,0,0,0,0,0,0
17,9,116,0,0,0,0,0,0,0,0
17,9,121,0,0,0,0,0,0,0,0
17,9,126,0,0,0,0,0,0,0,0
17,9,131,0,0,0,0,0,0,0,0
17,9,136,0,0,0,0,0,0,0,0
17,9,141,0,0,0,0,0,0,0,0
17,9,146,0,0,0,0,0,0,0,0
17,9,151,0,0,0,0,0,0,0,0
17,9,156,0,0,0,0,0,0,0,0
17,9,161,0,0,0,0,0,0,0,0
17,9,166,0,0,0,0,0,0,0,0
17,9,171,0,0,0,0,0,0,0,0
17,9,176,0,0,0,0,0,0,0,0
17,9,181,0,0,0,0,0,0,0,0
17,9,186,0,0,0,0,0,0,0,0
17,9,191,0,0,0,0,0,0,0,0
17,9,196,0,0,0,0,0,0,0,0
17,9,201,0,0,0,0,0,0,0,0
17,9,206,0,0,0,0,0,0,0,0
17,10,1,0,0,0,0,0,0,0,0
17,10,6,0,0,0,0,0,0,0,0
17,10,11,0,0,0,0,0,0,0,0
17,10,16,0,0,0,0,0,0,0,0
17,10,21,0,0,0,0,0,0,0,0
17,10,26,0,0,0,0,0,0,0,0
17,10,31,0,0,0,0,0,0,0,0
17,10,36,0,0,0,0,0,0,0,0
17,10,41,0,0,0,0,0,0,0,0
17,10,46,0,0,0,0,0,0,0,0
17,10,51,0,0,0,0,0,0,0,0
17,10,56,0,0,0,0,0,0,0,0
17,10,61,0,0,0,0,0,0,0,0
17,10,66,0,0,0,0,0,0,0,0
17,10,71,0,0,0,0,0,0,0,0
17,10,76,0,0,0,0,0,0,0,0
17,10,81,0,0,0,0,0,0,0,0
17,10,86,0,0,0,0,0,0,0,0
17,10,91,0,0,0,0,0,0,0,0
17,10,96,0,0,0,0,0,0,0,0
17,10,101,0,0,0,0,0,0,0,0
17,10,106,0,0,0,0,0,0,0,0
17,10,111,0,0,0,0,0,0,0,0
17,10,116,0,0,0,0,0,0,0,0
17,10,121,0,0,0,0,0,0,0,0
17,10,126,0,0,0,0,0,0,0,0
17,10,131,0,0,0,0,0,0,0,0
17,10,136,0,0,0,0,0,0,0,0
17,10,141,0,0,0,0,0,0,0,0
17,10,146,0,0,0,0,0,0,0,0
17,10,151,0,0,0,0,0,0,0,0
17,10,156,0,0,0,0,0,0,0,0
17,10,161,0,0,0,0,0,0,0,0
17,10,166,0,0,0,0,0,0,0,0
17,10,171,0,0,0,0,0,0,0,0
17,10,176,0,0,0,0,0,0,0,0
17,10,181,0,0,0,0,0,0,0,0
17,10,186,0,0,0,0,0,0,0,0
17,10,191,0,0,0,0,0,0,0,0
17,10,196,0,0,0,0,0,0,0,0
17,10,201,0,0,0,0,0,0,0,0
17,10,206,0,0,0,0,0,0,0,0
17,11,1,0,0,0,0,0,0,0,0
17,11,6,0,0,0,0,0,0,0,0
17,11,11,0,0,0,0,0,0,0,0
17,11,16,0,0,0,0,0,0,0,0
17,11,21,0,0,0,0,0,0,0,0
17,11,26,0,0,0,0,0,0,0,0
17,11,31,0,0,0,0,0,0,0,0
17,11,36,0,0,0,0,0,0,0,0
17,11,41,0,0,0,0,0,0,0,0
17,11,46,0,0,0,0,0,0,0,0
17,11,51,0,0,0,0,0,0,0,0
17,11,56,0,0,0,0,0,0,0,0
17,11,61,0,0,0,0,0,0,0,0
17,11,66,0,0,0,0,0,0,0,0
17,11,71,0,0,0,0,0,0,0,0
17,11,76,0,0,0,0,0,0,0,0
17,11,81,0,0,0,0,0,0,0,0
17,11,86,0,0,0,0,0,0,0,0
17,11,91,0,0,0,0,0,0,0,0
17,11,96,0,0,0,0,0,0,0,0
17,11,101,0,0,0,0,0,0,0,0
17,11,106,0,0,0,0,0,0,0,0
17,11,111,0,0,0,0,0,0,0,0
17,11,116,0,0,0,0,0,0,0,0
17,11,121,0,0,0,0,0,0,0,0
17,11,126,0,0,0,0,0,0,0,0
17,11,131,0,0,0,0,0,0,0,0
17,11,136,0,0,0,0,0,0,0,0
17,11,141,0,0,0,0,0,0,0,0
17,11,146,0,0,0,0,0,0,0,0
17,11,151,0,0,0,0,0,0,0,0
17,11,156,0,0,0,0,0,0,0,0
17,11,161,0,0,0,0,0,0,0,0
17,11,166,0,0,0,0,0,0,0,0
17,11,171,0,0,0,0,0,0,0,0
17,11,176,0,0,0,0,0,0,0,0
17,11,181,0,0,0,0,0,0,0,0
17,11,186,0,0,0,0,0,0,0,0
17,11,191,0,0,0,0,0,0,0,0
17,11,196,0,0,0,0,0,0,0,0
17,11,201,0,0,0,0,0,0,0,0
17,11,206,0,0,0,0,0,0,0,0
17,12,1,1,1,1,1,1,1,1,1
17,12,6,1,1,1,1,1,1,1,1
17,12,11,1,1,1,1,1,1,1,1
17,12,16,1,1,1,1,1,1,1,1
17,12,21,1,1,1,1,1,1,1,1
17,12,26,1,1,1,1,1,1,1,1
17,12,31,1,1,1,1,1,1,1,1
17,12,36,1,1,1,1,1,1,1,1
17,12,41,1,1,1,1,1,1,1,1
17,12,46,1,1,1,1,1,1,1,1
17,12,51,1,1,1,1,1,1,1,1
17,12,56,1,1,1,1,1,1,1,1
17,12,61,1,1,1,1,1,1,1,1
17,12,66,1,1,1,1,1,1,1,1
17,12,71,1,1,1,1,1,1,1,1
17,12,76,1,1,1,1,1,1,1,1
17,12,81,1,1,1,1,1,1,1,1
17,12,86,1,1,1,1,1,1,1,1
17,12,91,1,1,1,1,1,1,1,1
17,12,96,1,1,1,1,1,1,1,1
17,12,101,1,1,1,1,1,1,1,1
17,12,106,1,1,1,1,1,1,1,1
17,12,111,1,1,1,1,1,1,1,1
17,12,116,1,1,1,1,1,1,1,1
17,12,121,1,1,1,1,1,1,1,1
17,12,126,1,1,1,1,1,1,1,1
17,12,131,1,1,1,1,1,1,1,1
17,12,136,1,1,1,1,1,1,1,1
17,12,141,1,1,1,1,1,1,1,1
17,12,146,1,1,1,1,1,1,1,1
17,12,151,1,1,1,1,1,1,1,1
17,12,156,1,1,1,1,1,1,1,1
17,12,161,1,1,1,1,1,1,1,1
17,12,166,1,1,1,1,1,1,1,1
17,12,171,1,1,1,1,1,1,1,1
17,12,176,1,1,1,1,1,1,1,1
17,12,181,1,1,1,1,1,1,1,1
17,12,186,1,1,1,1,1,1,1,1
17,12,191,1,1,1,1,1,1,1,1
17,12,196,1,1,1,1,1,1,1,1
17,12,201,1,1,1,1,1,1,1,1
17,12,206,1,1,1,1,1,1,1,1
17,13,1,0,0,0,0,0,0,0,0
17,13,6,0,0,0,0,0,0,0,0
17,13,11,0,0,0,0,0,0,0,0
17,13,16,0,0,0,0,0,0,0,0
17,13,21,0,0,0,0,0,0,0,0
17,13,26,0,0,0,0,0,0,0,0
17,13,31,0,0,0,0,0,0,0,0
17,13,36,0,0,0,0,0,0,0,0
17,13,41,0,0,0,0,0,0,0,0
17,13,46,0,0,0,0,0,0,0,0
17,13,51,0,0,0,0,0,0,0,0
17,13,56,0,0,0,0,0,0,0,0
17,13,61,0,0,0,0,0,0,0,0
17,13,66,0,0,0,0,0,0,0,0
17,13,71,0,0,0,0,0,0,0,0
17,13,76,0,0,0,0,0,0,0,0
17,13,81,0,0,0,0,0,0,0,0
17,13,86,0,0,0,0,0,0,0,0
17,13,91,0,0,0,0,0,0,0,0
17,13,96,0,0,0,0,0,0,0,0
17,13,101,0,0,0,0,0,0,0,0
17,13,106,0,0,0,0,0,0,0,0
17,13,111,0,0,0,0,0,0,0,0
17,13,116,0,0,0,0,0,0,0,0
17,13,121,0,0,0,0,0,0,0,0
17,13,126,0,0,0,0,0,0,0,0
17,13,131,0,0,0,0,0,0,0,0
17,13,136,0,0,0,0,0,0,0,0
17,13,141,0,0,0,0,0,0,0,0
17,13,146,0,0,0,0,0,0,0,0
17,13,151,0,0,0,0,0,0,0,0
17,13,156,0,0,0,0,0,0,0,0
17,13,161,0,0,0,0,0,0,0,0
17,13,166,0,0,0,0,0,0,0,0
17,13,171,0,0,0,0,0,0,0,0
17,13,176,0,0,0,0,0,0,0,0
17,13,181,0,0,0,0,0,0,0,0
17,13,186,0,0,0,0,0,0,0,0
17,13,191,0,0,0,0,0,0,0,0
17,13,196,0,0,0,0,0,0,0,0
17,13,201,0,0,0,0,0,0,0,0
17,13,206,0,0,0,0,0,0,0,0
17,14,1,0,0,0,0,0,0,0,0
17,14,6,0,0,0,0,0,0,0,0
17,14,11,0,0,0,0,0,0,0,0
17,14,16,0,0,0,0,0,0,0,0
17,14,21,0,0,0,0,0,0,0,0
17,14,26,0,0,0,0,0,0,0,0
17,14,31,0,0,0,0,0,0,0,0
17,14,36,0,0,0,0,0,0,0,0
17,14,41,0,0,0,0,0,0,0,0
17,14,46,0,0,0,0,0,0,0,0
17,14,51,0,0,0,0,0,0,0,0
17,14,56,0,0,0,0,0,0,0,0
17,14,61,0,0,0,0,0,0,0,0
17,14,66,0,0,0,0,0,0,0,0
17,14,71,0,0,0,0,0,0,0,0
17,14,76,0,0,0,0,0,0,0,0
17,14,81,0,0,0,0,0,0,0,0
17,14,86,0,0,0,0,0,0,0,0
17,14,91,0,0,0,0,0,0,0,0
17,14,96,0,0,0,0,0,0,0,0
17,14,101,0,0,0,0,0,0,0,0
17,14,106,0,0,0,0,0,0,0,0
17,14,111,0,0,0,0,0,0,0,0
17,14,116,0,0,0,0,0,0,0,0
17,14,121,0,0,0,0,0,0,0,0
17,14,126,0,0,0,0,0,0,0,0
17,14,131,0,0,0,0,0,0,0,0
17,14,136,0,0,0,0,0,0,0,0
17,14,141,0,0,0,0,0,0,0,0
17,14,146,0,0,0,0,0,0,0,0
17,14,151,0,0,0,0,0,0,0,0
17,14,156,0,0,0,0,0,0,0,0
17,14,161,0,0,0,0,0,0,0,0
17,14,166,0,0,0,0,0,0,0,0
17,14,171,0,0,0,0,0,0,0,0
17,14,176,0,0,0,0,0,0,0,0
17,14,181,0,0,0,0,0,0,0,0
17,14,186,0,0,0,0,0,0,0,0
17,14,191,0,0,0,0,0,0,0,0
17,14,196,0,0,0,0,0,0,0,0
17,14,201,0,0,0,0,0,0,0,0
17,14,206,0,0,0,0,0,0,0,0
17,15,1,0,0,0,0,0,0,0,0
17,15,6,0,0,0,0,0,0,0,0
17,15,11,0,0,0,0,0,0,0,0
17,15,16,0,0,0,0,0,0,0,0
17,15,21,0,0,0,0,0,0,0,0
17,15,26,0,0,0,0,0,0,0,0
17,15,31,0,0,0,0,0,0,0,0
17,15,36,0,0,0,0,0,0,0,0
17,15,41,0,0,0,0,0,0,0,0
17,15,46,0,0,0,0,0,0,0,0
17,15,51,0,0,0,0,0,0,0,0
17,15,56,0,0,0,0,0,0,0,0
17,15,61,0,0,0,0,0,0,0,0
17,15,66,0,0,0,0,0,0,0,0
17,15,71,0,0,0,0,0,0,0,0
17,15,76,0,0,0,0,0,0,0,0
17,15,81,0,0,0,0,0,0,0,0
17,15,86,0,0,0,0,0,0,0,0
17,15,91,0,0,0,0,0,0,0,0
17,15,96,0,0,0,0,0,0,0,0
17,15,101,0,0,0,0,0,0,0,0
17,15,106,0,0,0,0,0,0,0,0
17,15,111,0,0,0,0,0,0,0,0
17,15,116,0,0,0,0,0,0,0,0
17,15,121,0,0,0,0,0,0,0,0
17,15,126,0,0,0,0,0,0,0,0
17,15,131,0,0,0,0,0,0,0,0
17,15,136,0,0,0,0,0,0,0,0
17,15,141,0,0,0,0,0,0,0,0
17,15,146,0,0,0,0,0,0,0,0
17,15,151,0,0,0,0,0,0,0,0
17,15,156,0,0,0,0,0,0,0,0
17,15,161,0,0,0,0,0,0,0,0
17,15,166,0,0,0,0,0,0,0,0
17,15,171,0,0,0,0,0,0,0,0
17,15,176,0,0,0,0,0,0,0,0
17,15,181,0,0,0,0,0,0,0,0
17,15,186,0,0,0,0,0,0,0,0
17,15,191,0,0,0,0,0,0,0,0
17,15,196,0,0,0,0,0,0,0,0
17,15,201,0,0,0,0,0,0,0,0
17,15,206,0,0,0,0,0,0,0,0
17,16,1,0,0,0,0,0,0,0,0
17,16,6,0,0,0,0,0,0,0,0
17,16,11,0,0,0,0,0,0,0,0
17,16,16,0,0,0,0,0,0,0,0
17,16,21,0,0,0,0,0,0,0,0
17,16,26,0,0,0,0,0,0,0,0
17,16,31,0,0,0,0,0,0,0,0
17,16,36,0,0,0,0,0,0,0,0
17,16,41,0,0,0,0,0,0,0,0
17,16,46,0,0,0,0,0,0,0,0
17,16,51,0,0,0,0,0,0,0,0
17,16,56,0,0,0,0,0,0,0,0
17,16,61,0,0,0,0,0,0,0,0
17,16,66,0,0,0,0,0,0,0,0
17,16,71,0,0,0,0,0,0,0,0
17,16,76,0,0,0,0,0,0,0,0
17,16,81,0,0,0,0,0,0,0,0
17,16,86,0,0,0,0,0,0,0,0
17,16,91,0,0,0,0,0,0,0,0
17,16,96,0,0,0,0,0,0,0,0
17,16,101,0,0,0,0,0,0,0,0
17,16,106,0,0,0,0,0,0,0,0
17,16,111,0,0,0,0,0,0,0,0
17,16,116,0,0,0,0,0,0,0,0
17,16,121,0,0,0,0,0,0,0,0
17,16,126,0,0,0,0,0,0,0,0
17,16,131,0,0,0,0,0,0,0,0
17,16,136,0,0,0,0,0,0,0,0
17,16,141,0,0,0,0,0,0,0,0
17,16,146,0,0,0,0,0,0,0,0
17,16,151,0,0,0,0,0,0,0,0
17,16,156,0,0,0,0,0,0,0,0
17,16,161,0,0,0,0,0,0,0,0
17,16,166,0,0,0,0,0,0,0,0
17,16,171,0,0,0,0,0,0,0,0
17,16,176,0,0,0,0,0,0,0,0
17,16,181,0,0,0,0,0,0,0,0
17,16,186,0,0,0,0,0,0,0,0
17,16,191,0,0,0,0,0,0,0,0
17,16,196,0,0,0,0,0,0,0,0
17,16,201,0,0,0,0,0,0,0,0
17,16,206,0,0,0,0,0,0,0,0
17,17,1,0,0,0,0,0,0,0,0
17,17,6,0,0,0,0,0,0,0,0
17,17,11,0,0,0,0,0,0,0,0
17,17,16,0,0,0,0,0,0,0,0
17,17,21,0,0,0,0,0,0,0,0
17,17,26,0,0,0,0,0,0,0,0
17,17,31,0,0,0,0,0,0,0,0
17,17,36,0,0,0,0,0,0,0,0
17,17,41,0,0,0,0,0,0,0,0
17,17,46,0,0,0,0,0,0,0,0
17,17,51,0,0,0,0,0,0,0,0
17,17,56,0,0,0,0,0,0,0,0
17,17,61,0,0,0,0,0,0,0,0
17,17,66,0,0,0,0,0,0,0,0
17,17,71,0,0,0,0,0,0,0,0
17,17,76,0,0,0,0,0,0,0,0
17,17,81,0,0,0,0,0,0,0,0
17,17,86,0,0,0,0,0,0,0,0
17,17,91,0,0,0,0,0,0,0,0
17,17,96,0,0,0,0,0,0,0,0
17,17,101,0,0,0,0,0,0,0,0
17,17,106,0,0,0,0,0,0,0,0
17,17,111,0,0,0,0,0,0,0,0
17,17,116,0,0,0,0,0,0,0,0
17,17,121,0,0,0,0,0,0,0,0
17,17,126,0,0,0,0,0,0,0,0
17,17,131,0,0,0,0,0,0,0,0
17,17,136,0,0,0,0,0,0,0,0
17,17,141,0,0,0,0,0,0,0,0
17,17,146,0,0,0,0,0,0,0,0
17,17,151,0,0,0,0,0,0,0,0
17,17,156,0,0,0,0,0,0,0,0
17,17,161,0,0,0,0,0,0,0,0
17,17,166,0,0,0,0,0,0,0,0
17,17,171,0,0,0,0,0,0,0,0
17,17,176,0,0,0,0,0,0,0,0
17,17,181,0,0,0,0,0,0,0,0
17,17,186,0,0,0,0,0,0,0,0
17,17,191,0,0,0,0,0,0,0,0
17,17,196,0,0,0,0,0,0,0,0
17,17,201,0,0,0,0,0,0,0,0
17,17,206,0,0,0,0,0,0,0,0
17,18,1,0,0,0,0,0,0,0,0
17,18,6,0,0,0,0,0,0,0,0
17,18,11,0,0,0,0,0,0,0,0
17,18,16,0,0,0,0,0,0,0,0
17,18,21,0,0,0,0,0,0,0,0
17,18,26,0,0,0,0,0,0,0,0
17,18,31,0,0,0,0,0,0,0,0
17,18,36,0,0,0,0,0,0,0,0
17,18,41,0,0,0,0,0,0,0,0
17,18,46,0,0,0,0,0,0,0,0
17,18,51,0,0,0,0,0,0,0,0
17,18,56,0,0,0,0,0,0,0,0
17,18,61,0,0,0,0,0,0,0,0
17,18,66,0,0,0,0,0,0,0,0
17,18,71,0,0,0,0,0,0,0,0
17,18,76,0,0,0,0,0,0,0,0
17,18,81,0,0,0,0,0,0,0,0
17,18,86,0,0,0,0,0,0,0,0
17,18,91,0,0,0,0,0,0,0,0
17,18,96,0,0,0,0,0,0,0,0
17,18,101,0,0,0,0,0,0,0,0
17,18,106,0,0,0,0,0,0,0,0
17,18,111,0,0,0,0,0,0,0,0
17,18,116,0,0,0,0,0,0,0,0
17,18,121,0,0,0,0,0,0,0,0
17,18,126,0,0,0,0,0,0,0,0
17,18,131,0,0,0,0,0,0,0,0
17,18,136,0,0,0,0,0,0,0,0
17,18,141,0,0,0,0,0,0,0,0
17,18,146,0,0,0,0,0,0,0,0
17,18,151,0,0,0,0,0,0,0,0
17,18,156,0,0,0,0,0,0,0,0
17,18,161,0,0,0,0,0,0,0,0
17,18,166,0,0,0,0,0,0,0,0
17,18,171,0,0,0,0,0,0,0,0
17,18,176,0,0,0,0,0,0,0,0
17,18,181,0,0,0,0,0,0,0,0
17,18,186,0,0,0,0,0,0,0,0
17,18,191,0,0,0,0,0,0,0,0
17,18,196,0,0,0,0,0,0,0,0
17,18,201,0,0,0,0,0,0,0,0
17,18,206,0,0,0,0,0,0,0,0
17,19,1,0,0,0,0,0,0,0,0
17,19,6,0,0,0,0,0,0,0,0
17,19,11,0,0,0,0,0,0,0,0
17,19,16,0,0,0,0,0,0,0,0
17,19,21,0,0,0,0,0,0,0,0
17,19,26,0,0,0,0,0,0,0,0
17,19,31,0,0,0,0,0,0,0,0
17,19,36,0,0,0,0,0,0,0,0
17,19,41,0,0,0,0,0,0,0,0
17,19,46,0,0,0,0,0,0,0,0
17,19,51,0,0,0,0,0,0,0,0
17,19,56,0,0,0,0,0,0,0,0
17,19,61,0,0,0,0,0,0,0,0
17,19,66,0,0,0,0,0,0,0,0
17,19,71,0,0,0,0,0,0,0,0
17,19,76,0,0,0,0,0,0,0,0
17,19,81,0,0,0,0,0,0,0,0
17,19,86,0,0,0,0,0,0,0,0
17,19,91,0,0,0,0,0,0,0,0
17,19,96,0,0,0,0,0,0,0,0
17,19,101,0,0,0,0,0,0,0,0
17,19,106,0,0,0,0,0,0,0,0
17,19,111,0,0,0,0,0,0,0,0
17,19,116,0,0,0,0,0,0,0,0
17,19,121,0,0,0,0,0,0,0,0
17,19,126,0,0,0,0,0,0,0,0
17,19,131,0,0,0,0,0,0,0,0
17,19,136,0,0,0,0,0,0,0,0
17,19,141,0,0,0,0,0,0,0,0
17,19,146,0,0,0,0,0,0,0,0
17,19,151,0,0,0,0,0,0,0,0
17,19,156,0,0,0,0,0,0,0,0
17,19,161,0,0,0,0,0,0,0,0
17,19,166,0,0,0,0,0,0,0,0
17,19,171,0,0,0,0,0,0,0,0
17,19,176,0,0,0,0,0,0,0,0
17,19,181,0,0,0,0,0,0,0,0
17,19,186,0,0,0,0,0,0,0,0
17,19,191,0,0,0,0,0,0,0,0
17,19,196,0,0,0,0,0,0,0,0
17,19,201,0,0,0,0,0,0,0,0
17,19,206,0,0,0,0,0,0,0,0
17,20,1,0,0,0,0,0,0,0,0
17,20,6,0,0,0,0,0,0,0,0
17,20,11,0,0,0,0,0,0,0,0
17,20,16,0,0,0,0,0,0,0,0
17,20,21,0,0,0,0,0,0,0,0
17,20,26,0,0,0,0,0,0,0,0
17,20,31,0,0,0,0,0,0,0,0
17,20,36,0,0,0,0,0,0,0,0
17,20,41,0,0,0,0,0,0,0,0
17,20,46,0,0,0,0,0,0,0,0
17,20,51,0,0,0,0,0,0,0,0
17,20,56,0,0,0,0,0,0,0,0
17,20,61,0,0,0,0,0,0,0,0
17,20,66,0,0,0,0,0,0,0,0
17,20,71,0,0,0,0,0,0,0,0
17,20,76,0,0,0,0,0,0,0,0
17,20,81,0,0,0,0,0,0,0,0
17,20,86,0,0,0,0,0,0,0,0
17,20,91,0,0,0,0,0,0,0,0
17,20,96,0,0,0,0,0,0,0,0
17,20,101,0,0,0,0,0,0,0,0
17,20,106,0,0,0,0,0,0,0,0
17,20,111,0,0,0,0,0,0,0,0
17,20,116,0,0,0,0,0,0,0,0
17,20,121,0,0,0,0,0,0,0,0
17,20,126,0,0,0,0,0,0,0,0
17,20,131,0,0,0,0,0,0,0,0
17,20,136,0,0,0,0,0,0,0,0
17,20,141,0,0,0,0,0,0,0,0
17,20,146,0,0,0,0,0,0,0,0
17,20,151,0,0,0,0,0,0,0,0
17,20,156,0,0,0,0,0,0,0,0
17,20,161,0,0,0,0,0,0,0,0
17,20,166,0,0,0,0,0,0,0,0
17,20,171,0,0,0,0,0,0,0,0
17,20,176,0,0,0,0,0,0,0,0
17,20,181,0,0,0,0,0,0,0,0
17,20,186,0,0,0,0,0,0,0,0
17,20,191,0,0,0,0,0,0,0,0
17,20,196,0,0,0,0,0,0,0,0
17,20,201,0,0,0,0,0,0,0,0
17,20,206,0,0,0,0,0,0,0,0
17,21,1,0,0,0,0,0,0,0,0
17,21,6,0,0,0,0,0,0,0,0
17,21,11,0,0,0,0,0,0,0,0
17,21,16,0,0,0,0,0,0,0,0
17,21,21,0,0,0,0,0,0,0,0
17,21,26,0,0,0,0,0,0,0,0
17,21,31,0,0,0,0,0,0,0,0
17,21,36,0,0,0,0,0,0,0,0
17,21,41,0,0,0,0,0,0,0,0
17,21,46,0,0,0,0,0,0,0,0
17,21,51,0,0,0,0,0,0,0,0
17,21,56,0,0,0,0,0,0,0,0
17,21,61,0,0,0,0,0,0,0,0
17,21,66,0,0,0,0,0,0,0,0
17,21,71,0,0,0,0,0,0,0,0
17,21,76,0,0,0,0,0,0,0,0
17,21,81,0,0,0,0,0,0,0,0
17,21,86,0,0,0,0,0,0,0,0
17,21,91,0,0,0,0,0,0,0,0
17,21,96,0,0,0,0,0,0,0,0
17,21,101,0,0,0,0,0,0,0,0
17,21,106,0,0,0,0,0,0,0,0
17,21,111,0,0,0,0,0,0,0,0
17,21,116,0,0,0,0,0,0,0,0
17,21,121,0,0,0,0,0,0,0,0
17,21,126,0,0,0,0,0,0,0,0
17,21,131,0,0,0,0,0,0,0,0
17,21,136,0,0,0,0,0,0,0,0
17,21,141,0,0,0,0,0,0,0,0
17,21,146,0,0,0,0,0,0,0,0
17,21,151,0,0,0,0,0,0,0,0
17,21,156,0,0,0,0,0,0,0,0
17,21,161,0,0,0,0,0,0,0,0
17,21,166,0,0,0,0,0,0,0,0
17,21,171,0,0,0,0,0,0,0,0
17,21,176,0,0,0,0,0,0,0,0
17,21,181,0,0,0,0,0,0,0,0
17,21,186,0,0,0,0,0,0,0,0
17,21,191,0,0,0,0,0,0,0,0
17,21,196,0,0,0,0,0,0,0,0
17,21,201,0,0,0,0,0,0,0,0
17,21,206,0,0,0,0,0,0,0,0
17,22,1,0,0,0,0,0,0,0,0
17,22,6,0,0,0,0,0,0,0,0
17,22,11,0,0,0,0,0,0,0,0
17,22,16,0,0,0,0,0,0,0,0
17,22,21,0,0,0,0,0,0,0,0
17,22,26,0,0,0,0,0,0,0,0
17,22,31,0,0,0,0,0,0,0,0
17,22,36,0,0,0,0,0,0,0,0
17,22,41,0,0,0,0,0,0,0,0
17,22,46,0,0,0,0,0,0,0,0
17,22,51,0,0,0,0,0,0,0,0
17,22,56,0,0,0,0,0,0,0,0
17,22,61,0,0,0,0,0,0,0,0
17,22,66,0,0,0,0,0,0,0,0
17,22,71,0,0,0,0,0,0,0,0
17,22,76,0,0,0,0,0,0,0,0
17,22,81,0,0,0,0,0,0,0,0
17,22,86,0,0,0,0,0,0,0,0
17,22,91,0,0,0,0,0,0,0,0
17,22,96,0,0,0,0,0,0,0,0
17,22,101,0,0,0,0,0,0,0,0
17,22,106,0,0,0,0,0,0,0,0
17,22,111,0,0,0,0,0,0,0,0
17,22,116,0,0,0,0,0,0,0,0
17,22,121,0,0,0,0,0,0,0,0
17,22,126,0,0,0,0,0,0,0,0
17,22,131,0,0,0,0,0,0,0,0
17,22,136,0,0,0,0,0,0,0,0
17,22,141,0,0,0,0,0,0,0,0
17,22,146,0,0,0,0,0,0,0,0
17,22,151,0,0,0,0,0,0,0,0
17,22,156,0,0,0,0,0,0,0,0
17,22,161,0,0,0,0,0,0,0,0
17,22,166,0,0,0,0,0,0,0,0
17,22,171,0,0,0,0,0,0,0,0
17,22,176,0,0,0,0,0,0,0,0
17,22,181,0,0,0,0,0,0,0,0
17,22,186,0,0,0,0,0,0,0,0
17,22,191,0,0,0,0,0,0,0,0
17,22,196,0,0,0,0,0,0,0,0
17,22,201,0,0,0,0,0,0,0,0
17,22,206,0,0,0,0,0,0,0,0
17,23,1,0,0,0,0,0,0,0,0
17,23,6,0,0,0,0,0,0,0,0
17,23,11,0,0,0,0,0,0,0,0
17,23,16,0,0,0,0,0,0,0,0
17,23,21,0,0,0,0,0,0,0,0
17,23,26,0,0,0,0,0,0,0,0
17,23,31,0,0,0,0,0,0,0,0
17,23,36,0,0,0,0,0,0,0,0
17,23,41,0,0,0,0,0,0,0,0
17,23,46,0,0,0,0,0,0,0,0
17,23,51,0,0,0,0,0,0,0,0
17,23,56,0,0,0,0,0,0,0,0
17,23,61,0,0,0,0,0,0,0,0
17,23,66,0,0,0,0,0,0,0,0
17,23,71,0,0,0,0,0,0,0,0
17,23,76,0,0,0,0,0,0,0,0
17,23,81,0,0,0,0,0,0,0,0
17,23,86,0,0,0,0,0,0,0,0
17,23,91,0,0,0,0,0,0,0,0
17,23,96,0,0,0,0,0,0,0,0
17,23,101,0,0,0,0,0,0,0,0
17,23,106,0,0,0,0,0,0,0,0
17,23,111,0,0,0,0,0,0,0,0
17,23,116,0,0,0,0,0,0,0,0
17,23,121,0,0,0,0,0,0,0,0
17,23,126,0,0,0,0,0,0,0,0
17,23,131,0,0,0,0,0,0,0,0
17,23,136,0,0,0,0,0,0,0,0
17,23,141,0,0,0,0,0,0,0,0
17,23,146,0,0,0,0,0,0,0,0
17,23,151,0,0,0,0,0,0,0,0
17,23,156,0,0,0,0,0,0,0,0
17,23,161,0,0,0,0,0,0,0,0
17,23,166,0,0,0,0,0,0,0,0
17,23,171,0,0,0,0,0,0,0,0
17,23,176,0,0,0,0,0,0,0,0
17,23,181,0,0,0,0,0,0,0,0
17,23,186,0,0,0,0,0,0,0,0
17,23,191,0,0,0,0,0,0,0,0
17,23,196,0,0,0,0,0,0,0,0
17,23,201,0,0,0,0,0,0,0,0
17,23,206,0,0,0,0,0,0,0,0
17,24,1,0,0,0,0,0,0,0,0
17,24,6,0,0,0,0,0,0,0,0
17,24,11,0,0,0,0,0,0,0,0
17,24,16,0,0,0,0,0,0,0,0
17,24,21,0,0,0,0,0,0,0,0
17,24,26,0,0,0,0,0,0,0,0
17,24,31,0,0,0,0,0,0,0,0
17,24,36,0,0,0,0,0,0,0,0
17,24,41,0,0,0,0,0,0,0,0
17,24,46,0,0,0,0,0,0,0,0
17,24,51,0,0,0,0,0,0,0,0
17,24,56,0,0,0,0,0,0,0,0
17,24,61,0,0,0,0,0,0,0,0
17,24,66,0,0,0,0,0,0,0,0
17,24,71,0,0,0,0,0,0,0,0
17,24,76,0,0,0,0,0,0,0,0
17,24,81,0,0,0,0,0,0,0,0
17,24,86,0,0,0,0,0,0,0,0
17,24,91,0,0,0,0,0,0,0,0
17,24,96,0,0,0,0,0,0,0,0
17,24,101,0,0,0,0,0,0,0,0
17,24,106,0,0,0,0,0,0,0,0
17,24,111,0,0,0,0,0,0,0,0
17,24,116,0,0,0,0,0,0,0,0
17,24,121,0,0,0,0,0,0,0,0
17,24,126,0,0,0,0,0,0,0,0
17,24,131,0,0,0,0,0,0,0,0
17,24,136,0,0,0,0,0,0,0,0
17,24,141,0,0,0,0,0,0,0,0
17,24,146,0,0,0,0,0,0,0,0
17,24,151,0,0,0,0,0,0,0,0
17,24,156,0,0,0,0,0,0,0,0
17,24,161,0,0,0,0,0,0,0,0
17,24,166,0,0,0,0,0,0,0,0
17,24,171,0,0,0,0,0,0,0,0
17,24,176,0,0,0,0,0,0,0,0
17,24,181,0,0,0,0,0,0,0,0
17,24,186,0,0,0,0,0,0,0,0
17,24,191,0,0,0,0,0,0,0,0
17,24,196,0,0,0,0,0,0,0,0
17,24,201,0,0,0,0,0,0,0,0
17,24,206,0,0,0,0,0,0,0,0
17,25,1,0,0,0,0,0,0,0,0
17,25,6,0,0,0,0,0,0,0,0
17,25,11,0,0,0,0,0,0,0,0
17,25,16,0,0,0,0,0,0,0,0
17,25,21,0,0,0,0,0,0,0,0
17,25,26,0,0,0,0,0,0,0,0
17,25,31,0,0,0,0,0,0,0,0
17,25,36,0,0,0,0,0,0,0,0
17,25,41,0,0,0,0,0,0,0,0
17,25,46,0,0,0,0,0,0,0,0
17,25,51,0,0,0,0,0,0,0,0
17,25,56,0,0,0,0,0,0,0,0
17,25,61,0,0,0,0,0,0,0,0
17,25,66,0,0,0,0,0,0,0,0
17,25,71,0,0,0,0,0,0,0,0
17,25,76,0,0,0,0,0,0,0,0
17,25,81,0,0,0,0,0,0,0,0
17,25,86,0,0,0,0,0,0,0,0
17,25,91,0,0,0,0,0,0,0,0
17,25,96,0,0,0,0,0,0,0,0
17,25,101,0,0,0,0,0,0,0,0
17,25,106,0,0,0,0,0,0,0,0
17,25,111,0,0,0,0,0,0,0,0
17,25,116,0,0,0,0,0,0,0,0
17,25,121,0,0,0,0,0,0,0,0
17,25,126,0,0,0,0,0,0,0,0
17,25,131,0,0,0,0,0,0,0,0
17,25,136,0,0,0,0,0,0,0,0
17,25,141,0,0,0,0,0,0,0,0
17,25,146,0,0,0,0,0,0,0,0
17,25,151,0,0,0,0,0,0,0,0
17,25,156,0,0,0,0,0,0,0,0
17,25,161,0,0,0,0,0,0,0,0
17,25,166,0,0,0,0,0,0,0,0
17,25,171,0,0,0,0,0,0,0,0
17,25,176,0,0,0,0,0,0,0,0
17,25,181,0,0,0,0,0,0,0,0
17,25,186,0,0,0,0,0,0,0,0
17,25,191,0,0,0,0,0,0,0,0
17,25,196,0,0,0,0,0,0,0,0
17,25,201,0,0,0,0,0,0,0,0
17,25,206,0,0,0,0,0,0,0,0
17,26,1,0,0,0,0,0,0,0,0
17,26,6,0,0,0,0,0,0,0,0
17,26,11,0,0,0,0,0,0,0,0
17,26,16,0,0,0,0,0,0,0,0
17,26,21,0,0,0,0,0,0,0,0
17,26,26,0,0,0,0,0,0,0,0
17,26,31,0,0,0,0,0,0,0,0
17,26,36,0,0,0,0,0,0,0,0
17,26,41,0,0,0,0,0,0,0,0
17,26,46,0,0,0,0,0,0,0,0
17,26,51,0,0,0,0,0,0,0,0
17,26,56,0,0,0,0,0,0,0,0
17,26,61,0,0,0,0,0,0,0,0
17,26,66,0,0,0,0,0,0,0,0
17,26,71,0,0,0,0,0,0,0,0
17,26,76,0,0,0,0,0,0,0,0
17,26,81,0,0,0,0,0,0,0,0
17,26,86,0,0,0,0,0,0,0,0
17,26,91,0,0,0,0,0,0,0,0
17,26,96,0,0,0,0,0,0,0,0
17,26,101,0,0,0,0,0,0,0,0
17,26,106,0,0,0,0,0,0,0,0
17,26,111,0,0,0,0,0,0,0,0
17,26,116,0,0,0,0,0,0,0,0
17,26,121,0,0,0,0,0,0,0,0
17,26,126,0,0,0,0,0,0,0,0
17,26,131,0,0,0,0,0,0,0,0
17,26,136,0,0,0,0,0,0,0,0
17,26,141,0,0,0,0,0,0,0,0
17,26,146,0,0,0,0,0,0,0,0
17,26,151,0,0,0,0,0,0,0,0
17,26,156,0,0,0,0,0,0,0,0
17,26,161,0,0,0,0,0,0,0,0
17,26,166,0,0,0,0,0,0,0,0
17,26,171,0,0,0,0,0,0,0,0
17,26,176,0,0,0,0,0,0,0,0
17,26,181,0,0,0,0,0,0,0,0
17,26,186,0,0,0,0,0,0,0,0
17,26,191,0,0,0,0,0,0,0,0
17,26,196,0,0,0,0,0,0,0,0
17,26,201,0,0,0,0,0,0,0,0
17,26,206,0,0,0,0,0,0,0,0
17,27,1,0,0,0,0,0,0,0,0
17,27,6,0,0,0,0,0,0,0,0
17,27,11,0,0,0,0,0,0,0,0
17,27,16,0,0,0,0,0,0,0,0
17,27,21,0,0,0,0,0,0,0,0
17,27,26,0,0,0,0,0,0,0,0
17,27,31,0,0,0,0,0,0,0,0
17,27,36,0,0,0,0,0,0,0,0
17,27,41,0,0,0,0,0,0,0,0
17,27,46,0,0,0,0,0,0,0,0
17,27,51,0,0,0,0,0,0,0,0
17,27,56,0,0,0,0,0,0,0,0
17,27,61,0,0,0,0,0,0,0,0
17,27,66,0,0,0,0,0,0,0,0
17,27,71,0,0,0,0,0,0,0,0
17,27,76,0,0,0,0,0,0,0,0
17,27,81,0,0,0,0,0,0,0,0
17,27,86,0,0,0,0,0,0,0,0
17,27,91,0,0,0,0,0,0,0,0
17,27,96,0,0,0,0,0,0,0,0
17,27,101,0,0,0,0,0,0,0,0
17,27,106,0,0,0,0,0,0,0,0
17,27,111,0,0,0,0,0,0,0,0
17,27,116,0,0,0,0,0,0,0,0
17,27,121,0,0,0,0,0,0,0,0
17,27,126,0,0,0,0,0,0,0,0
17,27,131,0,0,0,0,0,0,0,0
17,27,136,0,0,0,0,0,0,0,0
17,27,141,0,0,0,0,0,0,0,0
17,27,146,0,0,0,0,0,0,0,0
17,27,151,0,0,0,0,0,0,0,0
17,27,156,0,0,0,0,0,0,0,0
17,27,161,0,0,0,0,0,0,0,0
17,27,166,0,0,0,0,0,0,0,0
17,27,171,0,0,0,0,0,0,0,0
17,27,176,0,0,0,0,0,0,0,0
17,27,181,0,0,0,0,0,0,0,0
17,27,186,0,0,0,0,0,0,0,0
17,27,191,0,0,0,0,0,0,0,0
17,27,196,0,0,0,0,0,0,0,0
17,27,201,0,0,0,0,0,0,0,0
17,27,206,0,0,0,0,0,0,0,0
17,28,1,0,0,0,0,0,0,0,0
17,28,6,0,0,0,0,0,0,0,0
17,28,11,0,0,0,0,0,0,0,0
17,28,16,0,0,0,0,0,0,0,0
17,28,21,0,0,0,0,0,0,0,0
17,28,26,0,0,0,0,0,0,0,0
17,28,31,0,0,0,0,0,0,0,0
17,28,36,0,0,0,0,0,0,0,0
17,28,41,0,0,0,0,0,0,0,0
17,28,46,0,0,0,0,0,0,0,0
17,28,51,0,0,0,0,0,0,0,0
17,28,56,0,0,0,0,0,0,0,0
17,28,61,0,0,0,0,0,0,0,0
17,28,66,0,0,0,0,0,0,0,0
17,28,71,0,0,0,0,0,0,0,0
17,28,76,0,0,0,0,0,0,0,0
17,28,81,0,0,0,0,0,0,0,0
17,28,86,0,0,0,0,0,0,0,0
17,28,91,0,0,0,0,0,0,0,0
17,28,96,0,0,0,0,0,0,0,0
17,28,101,0,0,0,0,0,0,0,0
17,28,106,0,0,0,0,0,0,0,0
17,28,111,0,0,0,0,0,0,0,0
17,28,116,0,0,0,0,0,0,0,0
17,28,121,0,0,0,0,0,0,0,0
17,28,126,0,0,0,0,0,0,0,0
17,28,131,0,0,0,0,0,0,0,0
17,28,136,0,0,0,0,0,0,0,0
17,28,141,0,0,0,0,0,0,0,0
17,28,146,0,0,0,0,0,0,0,0
17,28,151,0,0,0,0,0,0,0,0
17,28,156,0,0,0,0,0,0,0,0
17,28,161,0,0,0,0,0,0,0,0
17,28,166,0,0,0,0,0,0,0,0
17,28,171,0,0,0,0,0,0,0,0
17,28,176,0,0,0,0,0,0,0,0
17,28,181,0,0,0,0,0,0,0,0
17,28,186,0,0,0,0,0,0,0,0
17,28,191,0,0,0,0,0,0,0,0
17,28,196,0,0,0,0,0,0,0,0
17,28,201,0,0,0,0,0,0,0,0
17,28,206,0,0,0,0,0,0,0,0
17,29,1,0,0,0,0,0,0,0,0
17,29,6,0,0,0,0,0,0,0,0
17,29,11,0,0,0,0,0,0,0,0
17,29,16,0,0,0,0,0,0,0,0
17,29,21,0,0,0,0,0,0,0,0
17,29,26,0,0,0,0,0,0,0,0
17,29,31,0,0,0,0,0,0,0,0
17,29,36,0,0,0,0,0,0,0,0
17,29,41,0,0,0,0,0,0,0,0
17,29,46,0,0,0,0,0,0,0,0
17,29,51,0,0,0,0,0,0,0,0
17,29,56,0,0,0,0,0,0,0,0
17,29,61,0,0,0,0,0,0,0,0
17,29,66,0,0,0,0,0,0,0,0
17,29,71,0,0,0,0,0,0,0,0
17,29,76,0,0,0,0,0,0,0,0
17,29,81,0,0,0,0,0,0,0,0
17,29,86,0,0,0,0,0,0,0,0
17,29,91,0,0,0,0,0,0,0,0
17,29,96,0,0,0,0,0,0,0,0
17,29,101,0,0,0,0,0,0,0,0
17,29,106,0,0,0,0,0,0,0,0
17,29,111,0,0,0,0,0,0,0,0
17,29,116,0,0,0,0,0,0,0,0
17,29,121,0,0,0,0,0,0,0,0
17,29,126,0,0,0,0,0,0,0,0
17,29,131,0,0,0,0,0,0,0,0
17,29,136,0,0,0,0,0,0,0,0
17,29,141,0,0,0,0,0,0,0,0
17,29,146,0,0,0,0,0,0,0,0
17,29,151,0,0,0,0,0,0,0,0
17,29,156,0,0,0,0,0,0,0,0
17,29,161,0,0,0,0,0,0,0,0
17,29,166,0,0,0,0,0,0,0,0
17,29,171,0,0,0,0,0,0,0,0
17,29,176,0,0,0,0,0,0,0,0
17,29,181,0,0,0,0,0,0,0,0
17,29,186,0,0,0,0,0,0,0,0
17,29,191,0,0,0,0,0,0,0,0
17,29,196,0,0,0,0,0,0,0,0
17,29,201,0,0,0,0,0,0,0,0
17,29,206,0,0,0,0,0,0,0,0
17,30,1,0,0,0,0,0,0,0,0
17,30,6,0,0,0,0,0,0,0,0
17,30,11,0,0,0,0,0,0,0,0
17,30,16,0,0,0,0,0,0,0,0
17,30,21,0,0,0,0,0,0,0,0
17,30,26,0,0,0,0,0,0,0,0
17,30,31,0,0,0,0,0,0,0,0
17,30,36,0,0,0,0,0,0,0,0
17,30,41,0,0,0,0,0,0,0,0
17,30,46,0,0,0,0,0,0,0,0
17,30,51,0,0,0,0,0,0,0,0
17,30,56,0,0,0,0,0,0,0,0
17,30,61,0,0,0,0,0,0,0,0
17,30,66,0,0,0,0,0,0,0,0
17,30,71,0,0,0,0,0,0,0,0
17,30,76,0,0,0,0,0,0,0,0
17,30,81,0,0,0,0,0,0,0,0
17,30,86,0,0,0,0,0,0,0,0
17,30,91,0,0,0,0,0,0,0,0
17,30,96,0,0,0,0,0,0,0,0
17,30,101,0,0,0,0,0,0,0,0
17,30,106,0,0,0,0,0,0,0,0
17,30,111,0,0,0,0,0,0,0,0
17,30,116,0,0,0,0,0,0,0,0
17,30,121,0,0,0,0,0,0,0,0
17,30,126,0,0,0,0,0,0,0,0
17,30,131,0,0,0,0,0,0,0,0
17,30,136,0,0,0,0,0,0,0,0
17,30,141,0,0,0,0,0,0,0,0
17,30,146,0,0,0,0,0,0,0,0
17,30,151,0,0,0,0,0,0,0,0
17,30,156,0,0,0,0,0,0,0,0
17,30,161,0,0,0,0,0,0,0,0
17,30,166,0,0,0,0,0,0,0,0
17,30,171,0,0,0,0,0,0,0,0
17,30,176,0,0,0,0,0,0,0,0
17,30,181,0,0,0,0,0,0,0,0
17,30,186,0,0,0,0,0,0,0,0
17,30,191,0,0,0,0,0,0,0,0
17,30,196,0,0,0,0,0,0,0,0
17,30,201,0,0,0,0,0,0,0,0
17,30,206,0,0,0,0,0,0,0,0
17,31,1,0,0,0,0,0,0,0,0
17,31,6,0,0,0,0,0,0,0,0
17,31,11,0,0,0,0,0,0,0,0
17,31,16,0,0,0,0,0,0,0,0
17,31,21,0,0,0,0,0,0,0,0
17,31,26,0,0,0,0,0,0,0,0
17,31,31,0,0,0,0,0,0,0,0
17,31,36,0,0,0,0,0,0,0,0
17,31,41,0,0,0,0,0,0,0,0
17,31,46,0,0,0,0,0,0,0,0
17,31,51,0,0,0,0,0,0,0,0
17,31,56,0,0,0,0,0,0,0,0
17,31,61,0,0,0,0,0,0,0,0
17,31,66,0,0,0,0,0,0,0,0
17,31,71,0,0,0,0,0,0,0,0
17,31,76,0,0,0,0,0,0,0,0
17,31,81,0,0,0,0,0,0,0,0
17,31,86,0,0,0,0,0,0,0,0
17,31,91,0,0,0,0,0,0,0,0
17,31,96,0,0,0,0,0,0,0,0
17,31,101,0,0,0,0,0,0,0,0
17,31,106,0,0,0,0,0,0,0,0
17,31,111,0,0,0,0,0,0,0,0
17,31,116,0,0,0,0,0,0,0,0
17,31,121,0,0,0,0,0,0,0,0
17,31,126,0,0,0,0,0,0,0,0
17,31,131,0,0,0,0,0,0,0,0
17,31,136,0,0,0,0,0,0,0,0
17,31,141,0,0,0,0,0,0,0,0
17,31,146,0,0,0,0,0,0,0,0
17,31,151,0,0,0,0,0,0,0,0
17,31,156,0,0,0,0,0,0,0,0
17,31,161,0,0,0,0,0,0,0,0
17,31,166,0,0,0,0,0,0,0,0
17,31,171,0,0,0,0,0,0,0,0
17,31,176,0,0,0,0,0,0,0,0
17,31,181,0,0,0,0,0,0,0,0
17,31,186,0,0,0,0,0,0,0,0
17,31,191,0,0,0,0,0,0,0,0
17,31,196,0,0,0,0,0,0,0,0
17,31,201,0,0,0,0,0,0,0,0
17,31,206,0,0,0,0,0,0,0,0
17,32,1,0,0,0,0,0,0,0,0
17,32,6,0,0,0,0,0,0,0,0
17,32,11,0,0,0,0,0,0,0,0
17,32,16,0,0,0,0,0,0,0,0
17,32,21,0,0,0,0,0,0,0,0
17,32,26,0,0,0,0,0,0,0,0
17,32,31,0,0,0,0,0,0,0,0
17,32,36,0,0,0,0,0,0,0,0
17,32,41,0,0,0,0,0,0,0,0
17,32,46,0,0,0,0,0,0,0,0
17,32,51,0,0,0,0,0,0,0,0
17,32,56,0,0,0,0,0,0,0,0
17,32,61,0,0,0,0,0,0,0,0
17,32,66,0,0,0,0,0,0,0,0
17,32,71,0,0,0,0,0,0,0,0
17,32,76,0,0,0,0,0,0,0,0
17,32,81,0,0,0,0,0,0,0,0
17,32,86,0,0,0,0,0,0,0,0
17,32,91,0,0,0,0,0,0,0,0
17,32,96,0,0,0,0,0,0,0,0
17,32,101,0,0,0,0,0,0,0,0
17,32,106,0,0,0,0,0,0,0,0
17,32,111,0,0,0,0,0,0,0,0
17,32,116,0,0,0,0,0,0,0,0
17,32,121,0,0,0,0,0,0,0,0
17,32,126,0,0,0,0,0,0,0,0
17,32,131,0,0,0,0,0,0,0,0
17,32,136,0,0,0,0,0,0,0,0
17,32,141,0,0,0,0,0,0,0,0
17,32,146,0,0,0,0,0,0,0,0
17,32,151,0,0,0,0,0,0,0,0
17,32,156,0,0,0,0,0,0,0,0
17,32,161,0,0,0,0,0,0,0,0
17,32,166,0,0,0,0,0,0,0,0
17,32,171,0,0,0,0,0,0,0,0
17,32,176,0,0,0,0,0,0,0,0
17,32,181,0,0,0,0,0,0,0,0
17,32,186,0,0,0,0,0,0,0,0
17,32,191,0,0,0,0,0,0,0,0
17,32,196,0,0,0,0,0,0,0,0
17,32,201,0,0,0,0,0,0,0,0
17,32,206,0,0,0,0,0,0,0,0
17,33,1,0,0,0,0,0,0,0,0
17,33,6,0,0,0,0,0,0,0,0
17,33,11,0,0,0,0,0,0,0,0
17,33,16,0,0,0,0,0,0,0,0
17,33,21,0,0,0,0,0,0,0,0
17,33,26,0,0,0,0,0,0,0,0
17,33,31,0,0,0,0,0,0,0,0
17,33,36,0,0,0,0,0,0,0,0
17,33,41,0,0,0,0,0,0,0,0
17,33,46,0,0,0,0,0,0,0,0
17,33,51,0,0,0,0,0,0,0,0
17,33,56,0,0,0,0,0,0,0,0
17,33,61,0,0,0,0,0,0,0,0
17,33,66,0,0,0,0,0,0,0,0
17,33,71,0,0,0,0,0,0,0,0
17,33,76,0,0,0,0,0,0,0,0
17,33,81,0,0,0,0,0,0,0,0
17,33,86,0,0,0,0,0,0,0,0
17,33,91,0,0,0,0,0,0,0,0
17,33,96,0,0,0,0,0,0,0,0
17,33,101,0,0,0,0,0,0,0,0
17,33,106,0,0,0,0,0,0,0,0
17,33,111,0,0,0,0,0,0,0,0
17,33,116,0,0,0,0,0,0,0,0
17,33,121,0,0,0,0,0,0,0,0
17,33,126,0,0,0,0,0,0,0,0
17,33,131,0,0,0,0,0,0,0,0
17,33,136,0,0,0,0,0,0,0,0
17,33,141,0,0,0,0,0,0,0,0
17,33,146,0,0,0,0,0,0,0,0
17,33,151,0,0,0,0,0,0,0,0
17,33,156,0,0,0,0,0,0,0,0
17,33,161,0,0,0,0,0,0,0,0
17,33,166,0,0,0,0,0,0,0,0
17,33,171,0,0,0,0,0,0,0,0
17,33,176,0,0,0,0,0,0,0,0
17,33,181,0,0,0,0,0,0,0,0
17,33,186,0,0,0,0,0,0,0,0
17,33,191,0,0,0,0,0,0,0,0
17,33,196,0,0,0,0,0,0,0,0
17,33,201,0,0,0,0,0,0,0,0
17,33,206,0,0,0,0,0,0,0,0
17,34,1,-0.3851,-0.27963,0,0,0,0,0,0
17,34,6,0,0,0,0,0,0,0,0
17,34,11,0,0,0,0,0,0,0,0
17,34,16,0,0,0,0,0,0,0,0
17,34,21,0,0,0,0,0,0,0,0
17,34,26,0,0,0,0,0,0,0,0
17,34,31,0,0,0,0,0,0,0,0
17,34,36,0,0,0,0,0,0,0,0
17,34,41,0,0,0,0,0,0,0,0
17,34,46,0,0,0,0,0,0,0,0
17,34,51,0,0,0,0,0,0,0,0
17,34,56,0,0,0,0,0,0,0,0
17,34,61,0,0,0,0,0,0,0,0
17,34,66,0,0,0,0,0,0,0,0
17,34,71,0,0,0,0,0,0,0,0
17,34,76,0,0,0,0,0,0,0,0
17,34,81,0,0,0,0,0,0,0,0
17,34,86,0,0,0,0,0,0,0,0
17,34,91,0,0,0,0,0,0,0,0
17,34,96,0,0,0,0,0,0,0,0
17,34,101,0,0,0,0,0,0,0,0
17,34,106,0,0,0,0,0,0,0,0
17,34,111,0,0,0,0,0,0,0,0
17,34,116,0,0,0,0,0,0,0,0
17,34,121,0,0,0,0,0,0,0,0
17,34,126,0,0,0,0,0,0,0,0
17,34,131,0,0,0,0,0,0,0,0
17,34,136,0,0,0,0,0,0,0,0
17,34,141,0,0,0,0,0,0,0,0
17,34,146,0,0,0,0,0,0,0,0
17,34,151,0,0,0,0,0,0,0,0
17,34,156,0,0,0,0,0,0,0,0
17,34,161,0,0,0,0,0,0,0,0
17,34,166,0,0,0,0,0,0,0,0
17,34,171,0,0,0,0,0,0,0,0
17,34,176,0,0,0,0,0,0,0,0
17,34,181,0,0,0,0,0,0,0,0
17,34,186,0,0,0,0,0,0,0,0
17,34,191,0,0,0,0,0,0,0,0
17,34,196,0,0,0,0,0,0,0,0
17,34,201,0,0,0,0,0,0,0,0
17,34,206,0,0,0,0,0,0,0,0
17,35,1,0,0,0,0,0,0,0,0
17,35,6,0,0,0,0,0,0,0,0
17,35,11,0,0,0,0,0,0,0,0
17,35,16,0,0,0,0,0,0,0,0
17,35,21,0,0,0,0,0,0,0,0
17,35,26,0,0,0,0,0,0,0,0
17,35,31,0,0,0,0,0,0,0,0
17,35,36,0,0,0,0,0,0,0,0
17,35,41,0,0,0,0,0,0,0,0
17,35,46,0,0,0,0,0,0,0,0
17,35,51,0,0,0,0,0,0,0,0
17,35,56,0,0,0,0,0,0,0,0
17,35,61,0,0,0,0,0,0,0,0
17,35,66,0,0,0,0,0,0,0,0
17,35,71,0,0,0,0,0,0,0,0
17,35,76,0,0,0,0,0,0,0,0
17,35,81,0,0,0,0,0,0,0,0
17,35,86,0,0,0,0,0,0,0,0
17,35,91,0,0,0,0,0,0,0,0
17,35,96,0,0,0,0,0,0,0,0
17,35,101,0,0,0,0,0,0,0,0
17,35,106,0,0,0,0,0,0,0,0
17,35,111,0,0,0,0,0,0,0,0
17,35,116,0,0,0,0,0,0,0,0
17,35,121,0,0,0,0,0,0,0,0
17,35,126,0,0,0,0,0,0,0,0
17,35,131,0,0,0,0,0,0,0,0
17,35,136,0,0,0,0,0,0,0,0
17,35,141,0,0,0,0,0,0,0,0
17,35,146,0,0,0,0,0,0,0,0
17,35,151,0,0,0,0,0,0,0,0
17,35,156,0,0,0,0,0,0,0,0
17,35,161,0,0,0,0,0,0,0,0
17,35,166,0,0,0,0,0,0,0,0
17,35,171,0,0,0,0,0,0,0,0
17,35,176,0,0,0,0,0,0,0,0
17,35,181,0,0,0,0,0,0,0,0
17,35,186,0,0,0,0,0,0,0,0
17,35,191,0,0,0,0,0,0,0,0
17,35,196,0,0,0,0,0,0,0,0
17,35,201,0,0,0,0,0,0,0,0
17,35,206,0,0,0,0,0,0,0,0
17,36,1,0,0,0,0,0,0,0,0
17,36,6,0,0,0,0,0,0,0,0
17,36,11,0,0,0,0,0,0,0,0
17,36,16,0,0,0,0,0,0,0,0
17,36,21,0,0,0,0,0,0,0,0
17,36,26,0,0,0,0,0,0,0,0
17,36,31,0,0,0,0,0,0,0,0
17,36,36,0,0,0,0,0,0,0,0
17,36,41,0,0,0,0,0,0,0,0
17,36,46,0,0,0,0,0,0,0,0
17,36,51,0,0,0,0,0,0,0,0
17,36,56,0,0,0,0,0,0,0,0
17,36,61,0,0,0,0,0,0,0,0
17,36,66,0,0,0,0,0,0,0,0
17,36,71,0,0,0,0,0,0,0,0
17,36,76,0,0,0,0,0,0,0,0
17,36,81,0,0,0,0,0,0,0,0
17,36,86,0,0,0,0,0,0,0,0
17,36,91,0,0,0,0,0,0,0,0
17,36,96,0,0,0,0,0,0,0,0
17,36,101,0,0,0,0,0,0,0,0
17,36,106,0,0,0,0,0,0,0,0
17,36,111,0,0,0,0,0,0,0,0
17,36,116,0,0,0,0,0,0,0,0
17,36,121,0,0,0,0,0,0,0,0
17,36,126,0,0,0,0,0,0,0,0
17,36,131,0,0,0,0,0,0,0,0
17,36,136,0,0,0,0,0,0,0,0
17,36,141,0,0,0,0,0,0,0,0
17,36,146,0,0,0,0,0,0,0,0
17,36,151,0,0,0,0,0,0,0,0
17,36,156,0,0,0,0,0,0,0,0
17,36,161,0,0,0,0,0,0,0,0
17,36,166,0,0,0,0,0,0,0,0
17,36,171,0,0,0,0,0,0,0,0
17,36,176,0,0,0,0,0,0,0,0
17,36,181,0,0,0,0,0,0,0,0
17,36,186,0,0,0,0,0,0,0,0
17,36,191,0,0,0,0,0,0,0,0
17,36,196,0,0,0,0,0,0,0,0
17,36,201,0,0,0,0,0,0,0,0
17,36,206,0,0,0,0,0,0,0,0
17,37,1,0,0,0,0,0,0,0,0
17,37,6,0,0,0,0,0,0,0,0
17,37,11,0,0,0,0,0,0,0,0
17,37,16,0,0,0,0,0,0,0,0
17,37,21,0,0,0,0,0,0,0,0
17,37,26,0,0,0,0,0,0,0,0
17,37,31,0,0,0,0,0,0,0,0
17,37,36,0,0,0,0,0,0,0,0
17,37,41,0,0,0,0,0,0,0,0
17,37,46,0,0,0,0,0,0,0,0
17,37,51,0,0,0,0,0,0,0,0
17,37,56,0,0,0,0,0,0,0,0
17,37,61,0,0,0,0,0,0,0,0
17,37,66,0,0,0,0,0,0,0,0
17,37,71,0,0,0,0,0,0,0,0
17,37,76,0,0,0,0,0,0,0,0
17,37,81,0,0,0,0,0,0,0,0
17,37,86,0,0,0,0,0,0,0,0
17,37,91,0,0,0,0,0,0,0,0
17,37,96,0,0,0,0,0,0,0,0
17,37,101,0,0,0,0,0,0,0,0
17,37,106,0,0,0,0,0,0,0,0
17,37,111,0,0,0,0,0,0,0,0
17,37,116,0,0,0,0,0,0,0,0
17,37,121,0,0,0,0,0,0,0,0
17,37,126,0,0,0,0,0,0,0,0
17,37,131,0,0,0,0,0,0,0,0
17,37,136,0,0,0,0,0,0,0,0
17,37,141,0,0,0,0,0,0,0,0
17,37,146,0,0,0,0,0,0,0,0
17,37,151,0,0,0,0,0,0,0,0
17,37,156,0,0,0,0,0,0,0,0
17,37,161,0,0,0,0,0,0,0,0
17,37,166,0,0,0,0,0,0,0,0
17,37,171,0,0,0,0,0,0,0,0
17,37,176,0,0,0,0,0,0,0,0
17,37,181,0,0,0,0,0,0,0,0
17,37,186,0,0,0,0,0,0,0,0
17,37,191,0,0,0,0,0,0,0,0
17,37,196,0,0,0,0,0,0,0,0
17,37,201,0,0,0,0,0,0,0,0
17,37,206,0,0,0,0,0,0,0,0
17,38,1,-0.48138,-0.34953,0,0,0,0,0,0
17,38,6,0,0,0,0,0,0,0,0
17,38,11,0,0,0,0,0,0,0,0
17,38,16,0,0,0,0,0,0,0,0
17,38,21,0,0,0,0,0,0,0,0
17,38,26,0,0,0,0,0,0,0,0
17,38,31,0,0,0,0,0,0,0,0
17,38,36,0,0,0,0,0,0,0,0
17,38,41,0,0,0,0,0,0,0,0
17,38,46,0,0,0,0,0,0,0,0
17,38,51,0,0,0,0,0,0,0,0
17,38,56,0,0,0,0,0,0,0,0
17,38,61,0,0,0,0,0,0,0,0
17,38,66,0,0,0,0,0,0,0,0
17,38,71,0,0,0,0,0,0,0,0
17,38,76,0,0,0,0,0,0,0,0
17,38,81,0,0,0,0,0,0,0,0
17,38,86,0,0,0,0,0,0,0,0
17,38,91,0,0,0,0,0,0,0,0
17,38,96,0,0,0,0,0,0,0,0
17,38,101,0,0,0,0,0,0,0,0
17,38,106,0,0,0,0,0,0,0,0
17,38,111,0,0,0,0,0,0,0,0
17,38,116,0,0,0,0,0,0,0,0
17,38,121,0,0,0,0,0,0,0,0
17,38,126,0,0,0,0,0,0,0,0
17,38,131,0,0,0,0,0,0,0,0
17,38,136,0,0,0,0,0,0,0,0
17,38,141,0,0,0,0,0,0,0,0
17,38,146,0,0,0,0,0,0,0,0
17,38,151,0,0,0,0,0,0,0,0
17,38,156,0,0,0,0,0,0,0,0
17,38,161,0,0,0,0,0,0,0,0
17,38,166,0,0,0,0,0,0,0,0
17,38,171,0,0,0,0,0,0,0,0
17,38,176,0,0,0,0,0,0,0,0
17,38,181,0,0,0,0,0,0,0,0
17,38,186,0,0,0,0,0,0,0,0
17,38,191,0,0,0,0,0,0,0,0
17,38,196,0,0,0,0,0,0,0,0
17,38,201,0,0,0,0,0,0,0,0
17,38,206,0,0,0,0,0,0,0,0
17,39,1,0,0,0,0,0,0,0,0
17,39,6,0,0,0,0,0,0,0,0
17,39,11,0,0,0,0,0,0,0,0
17,39,16,0,0,0,0,0,0,0,0
17,39,21,0,0,0,0,0,0,0,0
17,39,26,0,0,0,0,0,0,0,0
17,39,31,0,0,0,0,0,0,0,0
17,39,36,0,0,0,0,0,0,0,0
17,39,41,0,0,0,0,0,0,0,0
17,39,46,0,0,0,0,0,0,0,0
17,39,51,0,0,0,0,0,0,0,0
17,39,56,0,0,0,0,0,0,0,0
17,39,61,0,0,0,0,0,0,0,0
17,39,66,0,0,0,0,0,0,0,0
17,39,71,0,0,0,0,0,0,0,0
17,39,76,0,0,0,0,0,0,0,0
17,39,81,0,0,0,0,0,0,0,0
17,39,86,0,0,0,0,0,0,0,0
17,39,91,0,0,0,0,0,0,0,0
17,39,96,0,0,0,0,0,0,0,0
17,39,101,0,0,0,0,0,0,0,0
17,39,106,0,0,0,0,0,0,0,0
17,39,111,0,0,0,0,0,0,0,0
17,39,116,0,0,0,0,0,0,0,0
17,39,121,0,0,0,0,0,0,0,0
17,39,126,0,0,0,0,0,0,0,0
17,39,131,0,0,0,0,0,0,0,0
17,39,136,0,0,0,0,0,0,0,0
17,39,141,0,0,0,0,0,0,0,0
17,39,146,0,0,0,0,0,0,0,0
17,39,151,0,0,0,0,0,0,0,0
17,39,156,0,0,0,0,0,0,0,0
17,39,161,0,0,0,0,0,0,0,0
17,39,166,0,0,0,0,0,0,0,0
17,39,171,0,0,0,0,0,0,0,0
17,39,176,0,0,0,0,0,0,0,0
17,39,181,0,0,0,0,0,0,0,0
17,39,186,0,0,0,0,0,0,0,0
17,39,191,0,0,0,0,0,0,0,0
17,39,196,0,0,0,0,0,0,0,0
17,39,201,0,0,0,0,0,0,0,0
17,39,206,0,0,0,0,0,0,0,0
17,40,1,0,0,0,0,0,0,0,0
17,40,6,0,0,0,0,0,0,0,0
17,40,11,0,0,0,0,0,0,0,0
17,40,16,0,0,0,0,0,0,0,0
17,40,21,0,0,0,0,0,0,0,0
17,40,26,0,0,0,0,0,0,0,0
17,40,31,0,0,0,0,0,0,0,0
17,40,36,0,0,0,0,0,0,0,0
17,40,41,0,0,0,0,0,0,0,0
17,40,46,0,0,0,0,0,0,0,0
17,40,51,0,0,0,0,0,0,0,0
17,40,56,0,0,0,0,0,0,0,0
17,40,61,0,0,0,0,0,0,0,0
17,40,66,0,0,0,0,0,0,0,0
17,40,71,0,0,0,0,0,0,0,0
17,40,76,0,0,0,0,0,0,0,0
17,40,81,0,0,0,0,0,0,0,0
17,40,86,0,0,0,0,0,0,0,0
17,40,91,0,0,0,0,0,0,0,0
17,40,96,0,0,0,0,0,0,0,0
17,40,101,0,0,0,0,0,0,0,0
17,40,106,0,0,0,0,0,0,0,0
17,40,111,0,0,0,0,0,0,0,0
17,40,116,0,0,0,0,0,0,0,0
17,40,121,0,0,0,0,0,0,0,0
17,40,126,0,0,0,0,0,0,0,0
17,40,131,0,0,0,0,0,0,0,0
17,40,136,0,0,0,0,0,0,0,0
17,40,141,0,0,0,0,0,0,0,0
17,40,146,0,0,0,0,0,0,0,0
17,40,151,0,0,0,0,0,0,0,0
17,40,156,0,0,0,0,0,0,0,0
17,40,161,0,0,0,0,0,0,0,0
17,40,166,0,0,0,0,0,0,0,0
17,40,171,0,0,0,0,0,0,0,0
17,40,176,0,0,0,0,0,0,0,0
17,40,181,0,0,0,0,0,0,0,0
17,40,186,0,0,0,0,0,0,0,0
17,40,191,0,0,0,0,0,0,0,0
17,40,196,0,0,0,0,0,0,0,0
17,40,201,0,0,0,0,0,0,0,0
17,40,206,0,0,0,0,0,0,0,0
17,41,1,0,0,0,0,0,0,0,0
17,41,6,0,0,0,0,0,0,0,0
17,41,11,0,0,0,0,0,0,0,0
17,41,16,0,0,0,0,0,0,0,0
17,41,21,0,0,0,0,0,0,0,0
17,41,26,0,0,0,0,0,0,0,0
17,41,31,0,0,0,0,0,0,0,0
17,41,36,0,0,0,0,0,0,0,0
17,41,41,0,0,0,0,0,0,0,0
17,41,46,0,0,0,0,0,0,0,0
17,41,51,0,0,0,0,0,0,0,0
17,41,56,0,0,0,0,0,0,0,0
17,41,61,0,0,0,0,0,0,0,0
17,41,66,0,0,0,0,0,0,0,0
17,41,71,0,0,0,0,0,0,0,0
17,41,76,0,0,0,0,0,0,0,0
17,41,81,0,0,0,0,0,0,0,0
17,41,86,0,0,0,0,0,0,0,0
17,41,91,0,0,0,0,0,0,0,0
17,41,96,0,0,0,0,0,0,0,0
17,41,101,0,0,0,0,0,0,0,0
17,41,106,0,0,0,0,0,0,0,0
17,41,111,0,0,0,0,0,0,0,0
17,41,116,0,0,0,0,0,0,0,0
17,41,121,0,0,0,0,0,0,0,0
17,41,126,0,0,0,0,0,0,0,0
17,41,131,0,0,0,0,0,0,0,0
17,41,136,0,0,0,0,0,0,0,0
17,41,141,0,0,0,0,0,0,0,0
17,41,146,0,0,0,0,0,0,0,0
17,41,151,0,0,0,0,0,0,0,0
17,41,156,0,0,0,0,0,0,0,0
17,41,161,0,0,0,0,0,0,0,0
17,41,166,0,0,0,0,0,0,0,0
17,41,171,0,0,0,0,0,0,0,0
17,41,176,0,0,0,0,0,0,0,0
17,41,181,0,0,0,0,0,0,0,0
17,41,186,0,0,0,0,0,0,0,0
17,41,191,0,0,0,0,0,0,0,0
17,41,196,0,0,0,0,0,0,0,0
17,41,201,0,0,0,0,0,0,0,0
17,41,206,0,0,0,0,0,0,0,0
17,42,1,0,0,0,0,0,0,0,0
17,42,6,0,0,0,0,0,0,0,0
17,42,11,0,0,0,0,0,0,0,0
17,42,16,0,0,0,0,0,0,0,0
17,42,21,0,0,0,0,0,0,0,0
17,42,26,0,0,0,0,0,0,0,0
17,42,31,0,0,0,0,0,0,0,0
17,42,36,0,0,0,0,0,0,0,0
17,42,41,0,0,0,0,0,0,0,0
17,42,46,0,0,0,0,0,0,0,0
17,42,51,0,0,0,0,0,0,0,0
17,42,56,0,0,0,0,0,0,0,0
17,42,61,0,0,0,0,0,0,0,0
17,42,66,0,0,0,0,0,0,0,0
17,42,71,0,0,0,0,0,0,0,0
17,42,76,0,0,0,0,0,0,0,0
17,42,81,0,0,0,0,0,0,0,0
17,42,86,0,0,0,0,0,0,0,0
17,42,91,0,0,0,0,0,0,0,0
17,42,96,0,0,0,0,0,0,0,0
17,42,101,0,0,0,0,0,0,0,0
17,42,106,0,0,0,0,0,0,0,0
17,42,111,0,0,0,0,0,0,0,0
17,42,116,0,0,0,0,0,0,0,0
17,42,121,0,0,0,0,0,0,0,0
17,42,126,0,0,0,0,0,0,0,0
17,42,131,0,0,0,0,0,0,0,0
17,42,136,0,0,0,0,0,0,0,0
17,42,141,0,0,0,0,0,0,0,0
17,42,146,0,0,0,0,0,0,0,0
17,42,151,0,0,0,0,0,0,0,0
17,42,156,0,0,0,0,0,0,0,0
17,42,161,0,0,0,0,0,0,0,0
17,42,166,0,0,0,0,0,0,0,0
17,42,171,0,0,0,0,0,0,0,0
17,42,176,0,0,0,0,0,0,0,0
17,42,181,0,0,0,0,0,0,0,0
17,42,186,0,0,0,0,0,0,0,0
17,42,191,0,0,0,0,0,0,0,0
17,42,196,0,0,0,0,0,0,0,0
17,42,201,0,0,0,0,0,0,0,0
17,42,206,0,0,0,0,0,0,0,0
17,43,1,0,0,0,0,0,0,0,0
17,43,6,0,0,0,0,0,0,0,0
17,43,11,0,0,0,0,0,0,0,0
17,43,16,0,0,0,0,0,0,0,0
17,43,21,0,0,0,0,0,0,0,0
17,43,26,0,0,0,0,0,0,0,0
17,43,31,0,0,0,0,0,0,0,0
17,43,36,0,0,0,0,0,0,0,0
17,43,41,0,0,0,0,0,0,0,0
17,43,46,0,0,0,0,0,0,0,0
17,43,51,0,0,0,0,0,0,0,0
17,43,56,0,0,0,0,0,0,0,0
17,43,61,0,0,0,0,0,0,0,0
17,43,66,0,0,0,0,0,0,0,0
17,43,71,0,0,0,0,0,0,0,0
17,43,76,0,0,0,0,0,0,0,0
17,43,81,0,0,0,0,0,0,0,0
17,43,86,0,0,0,0,0,0,0,0
17,43,91,0,0,0,0,0,0,0,0
17,43,96,0,0,0,0,0,0,0,0
17,43,101,0,0,0,0,0,0,0,0
17,43,106,0,0,0,0,0,0,0,0
17,43,111,0,0,0,0,0,0,0,0
17,43,116,0,0,0,0,0,0,0,0
17,43,121,0,0,0,0,0,0,0,0
17,43,126,0,0,0,0,0,0,0,0
17,43,131,0,0,0,0,0,0,0,0
17,43,136,0,0,0,0,0,0,0,0
17,43,141,0,0,0,0,0,0,0,0
17,43,146,0,0,0,0,0,0,0,0
17,43,151,0,0,0,0,0,0,0,0
17,43,156,0,0,0,0,0,0,0,0
17,43,161,0,0,0,0,0,0,0,0
17,43,166,0,0,0,0,0,0,0,0
17,43,171,0,0,0,0,0,0,0,0
17,43,176,0,0,0,0,0,0,0,0
17,43,181,0,0,0,0,0,0,0,0
17,43,186,0,0,0,0,0,0,0,0
17,43,191,0,0,0,0,0,0,0,0
17,43,196,0,0,0,0,0,0,0,0
17,43,201,0,0,0,0,0,0,0,0
17,43,206,0,0,0,0,0,0,0,0
17,44,1,0,0,0,0,0,0,0,0
17,44,6,0,0,0,0,0,0,0,0
17,44,11,0,0,0,0,0,0,0,0
17,44,16,0,0,0,0,0,0,0,0
17,44,21,0,0,0,0,0,0,0,0
17,44,26,0,0,0,0,0,0,0,0
17,44,31,0,0,0,0,0,0,0,0
17,44,36,0,0,0,0,0,0,0,0
17,44,41,0,0,0,0,0,0,0,0
17,44,46,0,0,0,0,0,0,0,0
17,44,51,0,0,0,0,0,0,0,0
17,44,56,0,0,0,0,0,0,0,0
17,44,61,0,0,0,0,0,0,0,0
17,44,66,0,0,0,0,0,0,0,0
17,44,71,0,0,0,0,0,0,0,0
17,44,76,0,0,0,0,0,0,0,0
17,44,81,0,0,0,0,0,0,0,0
17,44,86,0,0,0,0,0,0,0,0
17,44,91,0,0,0,0,0,0,0,0
17,44,96,0,0,0,0,0,0,0,0
17,44,101,0,0,0,0,0,0,0,0
17,44,106,0,0,0,0,0,0,0,0
17,44,111,0,0,0,0,0,0,0,0
17,44,116,0,0,0,0,0,0,0,0
17,44,121,0,0,0,0,0,0,0,0
17,44,126,0,0,0,0,0,0,0,0
17,44,131,0,0,0,0,0,0,0,0
17,44,136,0,0,0,0,0,0,0,0
17,44,141,0,0,0,0,0,0,0,0
17,44,146,0,0,0,0,0,0,0,0
17,44,151,0,0,0,0,0,0,0,0
17,44,156,0,0,0,0,0,0,0,0
17,44,161,0,0,0,0,0,0,0,0
17,44,166,0,0,0,0,0,0,0,0
17,44,171,0,0,0,0,0,0,0,0
17,44,176,0,0,0,0,0,0,0,0
17,44,181,0,0,0,0,0,0,0,0
17,44,186,0,0,0,0,0,0,0,0
17,44,191,0,0,0,0,0,0,0,0
17,44,196,0,0,0,0,0,0,0,0
17,44,201,0,0,0,0,0,0,0,0
17,44,206,0,0,0,0,0,0,0,0
17,45,1,0,0,0,0,0,0,0,0
17,45,6,0,0,0,0,0,0,0,0
17,45,11,0,0,0,0,0,0,0,0
17,45,16,0,0,0,0,0,0,0,0
17,45,21,0,0,0,0,0,0,0,0
17,45,26,0,0,0,0,0,0,0,0
17,45,31,0,0,0,0,0,0,0,0
17,45,36,0,0,0,0,0,0,0,0
17,45,41,0,0,0,0,0,0,0,0
17,45,46,0,0,0,0,0,0,0,0
17,45,51,0,0,0,0,0,0,0,0
17,45,56,0,0,0,0,0,0,0,0
17,45,61,0,0,0,0,0,0,0,0
17,45,66,0,0,0,0,0,0,0,0
17,45,71,0,0,0,0,0,0,0,0
17,45,76,0,0,0,0,0,0,0,0
17,45,81,0,0,0,0,0,0,0,0
17,45,86,0,0,0,0,0,0,0,0
17,45,91,0,0,0,0,0,0,0,0
17,45,96,0,0,0,0,0,0,0,0
17,45,101,0,0,0,0,0,0,0,0
17,45,106,0,0,0,0,0,0,0,0
17,45,111,0,0,0,0,0,0,0,0
17,45,116,0,0,0,0,0,0,0,0
17,45,121,0,0,0,0,0,0,0,0
17,45,126,0,0,0,0,0,0,0,0
17,45,131,0,0,0,0,0,0,0,0
17,45,136,0,0,0,0,0,0,0,0
17,45,141,0,0,0,0,0,0,0,0
17,45,146,0,0,0,0,0,0,0,0
17,45,151,0,0,0,0,0,0,0,0
17,45,156,0,0,0,0,0,0,0,0
17,45,161,0,0,0,0,0,0,0,0
17,45,166,0,0,0,0,0,0,0,0
17,45,171,0,0,0,0,0,0,0,0
17,45,176,0,0,0,0,0,0,0,0
17,45,181,0,0,0,0,0,0,0,0
17,45,186,0,0,0,0,0,0,0,0
17,45,191,0,0,0,0,0,0,0,0
17,45,196,0,0,0,0,0,0,0,0
17,45,201,0,0,0,0,0,0,0,0
17,45,206,0,0,0,0,0,0,0,0
17,46,1,0,0,0,0,0,0,0,0
17,46,6,0,0,0,0,0,0,0,0
17,46,11,0,0,0,0,0,0,0,0
17,46,16,0,0,0,0,0,0,0,0
17,46,21,0,0,0,0,0,0,0,0
17,46,26,0,0,0,0,0,0,0,0
17,46,31,0,0,0,0,0,0,0,0
17,46,36,0,0,0,0,0,0,0,0
17,46,41,0,0,0,0,0,0,0,0
17,46,46,0,0,0,0,0,0,0,0
17,46,51,0,0,0,0,0,0,0,0
17,46,56,0,0,0,0,0,0,0,0
17,46,61,0,0,0,0,0,0,0,0
17,46,66,0,0,0,0,0,0,0,0
17,46,71,0,0,0,0,0,0,0,0
17,46,76,0,0,0,0,0,0,0,0
17,46,81,0,0,0,0,0,0,0,0
17,46,86,0,0,0,0,0,0,0,0
17,46,91,0,0,0,0,0,0,0,0
17,46,96,0,0,0,0,0,0,0,0
17,46,101,0,0,0,0,0,0,0,0
17,46,106,0,0,0,0,0,0,0,0
17,46,111,0,0,0,0,0,0,0,0
17,46,116,0,0,0,0,0,0,0,0
17,46,121,0,0,0,0,0,0,0,0
17,46,126,0,0,0,0,0,0,0,0
17,46,131,0,0,0,0,0,0,0,0
17,46,136,0,0,0,0,0,0,0,0
17,46,141,0,0,0,0,0,0,0,0
17,46,146,0,0,0,0,0,0,0,0
17,46,151,0,0,0,0,0,0,0,0
17,46,156,0,0,0,0,0,0,0,0
17,46,161,0,0,0,0,0,0,0,0
17,46,166,0,0,0,0,0,0,0,0
17,46,171,0,0,0,0,0,0,0,0
17,46,176,0,0,0,0,0,0,0,0
17,46,181,0,0,0,0,0,0,0,0
17,46,186,0,0,0,0,0,0,0,0
17,46,191,0,0,0,0,0,0,0,0
17,46,196,0,0,0,0,0,0,0,0
17,46,201,0,0,0,0,0,0,0,0
17,46,206,0,0,0,0,0,0,0,0
17,47,1,0,0,0,0,0,0,0,0
17,47,6,0,0,0,0,0,0,0,0
17,47,11,0,0,0,0,0,0,0,0
17,47,16,0,0,0,0,0,0,0,0
17,47,21,0,0,0,0,0,0,0,0
17,47,26,0,0,0,0,0,0,0,0
17,47,31,0,0,0,0,0,0,0,0
17,47,36,0,0,0,0,0,0,0,0
17,47,41,0,0,0,0,0,0,0,0
17,47,46,0,0,0,0,0,0,0,0
17,47,51,0,0,0,0,0,0,0,0
17,47,56,0,0,0,0,0,0,0,0
17,47,61,0,0,0,0,0,0,0,0
17,47,66,0,0,0,0,0,0,0,0
17,47,71,0,0,0,0,0,0,0,0
17,47,76,0,0,0,0,0,0,0,0
17,47,81,0,0,0,0,0,0,0,0
17,47,86,0,0,0,0,0,0,0,0
17,47,91,0,0,0,0,0,0,0,0
17,47,96,0,0,0,0,0,0,0,0
17,47,101,0,0,0,0,0,0,0,0
17,47,106,0,0,0,0,0,0,0,0
17,47,111,0,0,0,0,0,0,0,0
17,47,116,0,0,0,0,0,0,0,0
17,47,121,0,0,0,0,0,0,0,0
17,47,126,0,0,0,0,0,0,0,0
17,47,131,0,0,0,0,0,0,0,0
17,47,136,0,0,0,0,0,0,0,0
17,47,141,0,0,0,0,0,0,0,0
17,47,146,0,0,0,0,0,0,0,0
17,47,151,0,0,0,0,0,0,0,0
17,47,156,0,0,0,0,0,0,0,0
17,47,161,0,0,0,0,0,0,0,0
17,47,166,0,0,0,0,0,0,0,0
17,47,171,0,0,0,0,0,0,0,0
17,47,176,0,0,0,0,0,0,0,0
17,47,181,0,0,0,0,0,0,0,0
17,47,186,0,0,0,0,0,0,0,0
17,47,191,0,0,0,0,0,0,0,0
17,47,196,0,0,0,0,0,0,0,0
17,47,201,0,0,0,0,0,0,0,0
17,47,206,0,0,0,0,0,0,0,0
17,48,1,0,0,0,0,0,0,0,0
17,48,6,0,0,0,0,0,0,0,0
17,48,11,0,0,0,0,0,0,0,0
17,48,16,0,0,0,0,0,0,0,0
17,48,21,0,0,0,0,0,0,0,0
17,48,26,0,0,0,0,0,0,0,0
17,48,31,0,0,0,0,0,0,0,0
17,48,36,0,0,0,0,0,0,0,0
17,48,41,0,0,0,0,0,0,0,0
17,48,46,0,0,0,0,0,0,0,0
17,48,51,0,0,0,0,0,0,0,0
17,48,56,0,0,0,0,0,0,0,0
17,48,61,0,0,0,0,0,0,0,0
17,48,66,0,0,0,0,0,0,0,0
17,48,71,0,0,0,0,0,0,0,0
17,48,76,0,0,0,0,0,0,0,0
17,48,81,0,0,0,0,0,0,0,0
17,48,86,0,0,0,0,0,0,0,0
17,48,91,0,0,0,0,0,0,0,0
17,48,96,0,0,0,0,0,0,0,0
17,48,101,0,0,0,0,0,0,0,0
17,48,106,0,0,0,0,0,0,0,0
17,48,111,0,0,0,0,0,0,0,0
17,48,116,0,0,0,0,0,0,0,0
17,48,121,0,0,0,0,0,0,0,0
17,48,126,0,0,0,0,0,0,0,0
17,48,131,0,0,0,0,0,0,0,0
17,48,136,0,0,0,0,0,0,0,0
17,48,141,0,0,0,0,0,0,0,0
17,48,146,0,0,0,0,0,0,0,0
17,48,151,0,0,0,0,0,0,0,0
17,48,156,0,0,0,0,0,0,0,0
17,48,161,0,0,0,0,0,0,0,0
17,48,166,0,0,0,0,0,0,0,0
17,48,171,0,0,0,0,0,0,0,0
17,48,176,0,0,0,0,0,0,0,0
17,48,181,0,0,0,0,0,0,0,0
17,48,186,0,0,0,0,0,0,0,0
17,48,191,0,0,0,0,0,0,0,0
17,48,196,0,0,0,0,0,0,0,0
17,48,201,0,0,0,0,0,0,0,0
17,48,206,0,0,0,0,0,0,0,0
17,49,1,0,0,0,0,0,0,0,0
17,49,6,0,0,0,0,0,0,0,0
17,49,11,0,0,0,0,0,0,0,0
17,49,16,0,0,0,0,0,0,0,0
17,49,21,0,0,0,0,0,0,0,0
17,49,26,0,0,0,0,0,0,0,0
17,49,31,0,0,0,0,0,0,0,0
17,49,36,0,0,0,0,0,0,0,0
17,49,41,0,0,0,0,0,0,0,0
17,49,46,0,0,0,0,0,0,0,0
17,49,51,0,0,0,0,0,0,0,0
17,49,56,0,0,0,0,0,0,0,0
17,49,61,0,0,0,0,0,0,0,0
17,49,66,0,0,0,0,0,0,0,0
17,49,71,0,0,0,0,0,0,0,0
17,49,76,0,0,0,0,0,0,0,0
17,49,81,0,0,0,0,0,0,0,0
17,49,86,0,0,0,0,0,0,0,0
17,49,91,0,0,0,0,0,0,0,0
17,49,96,0,0,0,0,0,0,0,0
17,49,101,0,0,0,0,0,0,0,0
17,49,106,0,0,0,0,0,0,0,0
17,49,111,0,0,0,0,0,0,0,0
17,49,116,0,0,0,0,0,0,0,0
17,49,121,0,0,0,0,0,0,0,0
17,49,126,0,0,0,0,0,0,0,0
17,49,131,0,0,0,0,0,0,0,0
17,49,136,0,0,0,0,0,0,0,0
17,49,141,0,0,0,0,0,0,0,0
17,49,146,0,0,0,0,0,0,0,0
17,49,151,0,0,0,0,0,0,0,0
17,49,156,0,0,0,0,0,0,0,0
17,49,161,0,0,0,0,0,0,0,0
17,49,166,0,0,0,0,0,0,0,0
17,49,171,0,0,0,0,0,0,0,0
17,49,176,0,0,0,0,0,0,0,0
17,49,181,0,0,0,0,0,0,0,0
17,49,186,0,0,0,0,0,0,0,0
17,49,191,0,0,0,0,0,0,0,0
17,49,196,0,0,0,0,0,0,0,0
17,49,201,0,0,0,0,0,0,0,0
17,49,206,0,0,0,0,0,0,0,0
17,50,1,0,0,0,0,0,0,0,0
17,50,6,0,0,0,0,0,0,0,0
17,50,11,0,0,0,0,0,0,0,0
17,50,16,0,0,0,0,0,0,0,0
17,50,21,0,0,0,0,0,0,0,0
17,50,26,0,0,0,0,0,0,0,0
17,50,31,0,0,0,0,0,0,0,0
17,50,36,0,0,0,0,0,0,0,0
17,50,41,0,0,0,0,0,0,0,0
17,50,46,0,0,0,0,0,0,0,0
17,50,51,0,0,0,0,0,0,0,0
17,50,56,0,0,0,0,0,0,0,0
17,50,61,0,0,0,0,0,0,0,0
17,50,66,0,0,0,0,0,0,0,0
17,50,71,0,0,0,0,0,0,0,0
17,50,76,0,0,0,0,0,0,0,0
17,50,81,0,0,0,0,0,0,0,0
17,50,86,0,0,0,0,0,0,0,0
17,50,91,0,0,0,0,0,0,0,0
17,50,96,0,0,0,0,0,0,0,0
17,50,101,0,0,0,0,0,0,0,0
17,50,106,0,0,0,0,0,0,0,0
17,50,111,0,0,0,0,0,0,0,0
17,50,116,0,0,0,0,0,0,0,0
17,50,121,0,0,0,0,0,0,0,0
17,50,126,0,0,0,0,0,0,0,0
17,50,131,0,0,0,0,0,0,0,0
17,50,136,0,0,0,0,0,0,0,0
17,50,141,0,0,0,0,0,0,0,0
17,50,146,0,0,0,0,0,0,0,0
17,50,151,0,0,0,0,0,0,0,0
17,50,156,0,0,0,0,0,0,0,0
17,50,161,0,0,0,0,0,0,0,0
17,50,166,0,0,0,0,0,0,0,0
17,50,171,0,0,0,0,0,0,0,0
17,50,176,0,0,0,0,0,0,0,0
17,50,181,0,0,0,0,0,0,0,0
17,50,186,0,0,0,0,0,0,0,0
17,50,191,0,0,0,0,0,0,0,0
17,50,196,0,0,0,0,0,0,0,0
17,50,201,0,0,0,0,0,0,0,0
17,50,206,0,0,0,0,0,0,0,0
17,51,1,0,0,0,0,0,0,0,0
17,51,6,0,0,0,0,0,0,0,0
17,51,11,0,0,0,0,0,0,0,0
17,51,16,0,0,0,0,0,0,0,0
17,51,21,0,0,0,0,0,0,0,0
17,51,26,0,0,0,0,0,0,0,0
17,51,31,0,0,0,0,0,0,0,0
17,51,36,0,0,0,0,0,0,0,0
17,51,41,0,0,0,0,0,0,0,0
17,51,46,0,0,0,0,0,0,0,0
17,51,51,0,0,0,0,0,0,0,0
17,51,56,0,0,0,0,0,0,0,0
17,51,61,0,0,0,0,0,0,0,0
17,51,66,0,0,0,0,0,0,0,0
17,51,71,0,0,0,0,0,0,0,0
17,51,76,0,0,0,0,0,0,0,0
17,51,81,0,0,0,0,0,0,0,0
17,51,86,0,0,0,0,0,0,0,0
17,51,91,0,0,0,0,0,0,0,0
17,51,96,0,0,0,0,0,0,0,0
17,51,101,0,0,0,0,0,0,0,0
17,51,106,0,0,0,0,0,0,0,0
17,51,111,0,0,0,0,0,0,0,0
17,51,116,0,0,0,0,0,0,0,0
17,51,121,0,0,0,0,0,0,0,0
17,51,126,0,0,0,0,0,0,0,0
17,51,131,0,0,0,0,0,0,0,0
17,51,136,0,0,0,0,0,0,0,0
17,51,141,0,0,0,0,0,0,0,0
17,51,146,0,0,0,0,0,0,0,0
17,51,151,0,0,0,0,0,0,0,0
17,51,156,0,0,0,0,0,0,0,0
17,51,161,0,0,0,0,0,0,0,0
17,51,166,0,0,0,0,0,0,0,0
17,51,171,0,0,0,0,0,0,0,0
17,51,176,0,0,0,0,0,0,0,0
17,51,181,0,0,0,0,0,0,0,0
17,51,186,0,0,0,0,0,0,0,0
17,51,191,0,0,0,0,0,0,0,0
17,51,196,0,0,0,0,0,0,0,0
17,51,201,0,0,0,0,0,0,0,0
17,51,206,0,0,0,0,0,0,0,0
